18
2212
1324
2294
1536
1488
2904
1243
1740
2859
608
1620
664
1405
1684
2577
2519
101
169
2066
2136
861
2349
1765
1487
2243
468
1647
1742
34
2488
166
2659
1881
1034
348
132
1925
949
1585
2835
2768
2518
2929
2097
2583
2390
2252
2617
39
1943
741
451
1317
2865
1100
1866
1549
1108
649
2648
1441
298
1871
1649
2591
216
521
1173
1815
724
582
767
1836
2962
1994
1207
2854
2278
2277
1560
453
2796
219
993
1014
2145
2764
2052
798
544
86
864
565
512
1269
1510
2311
997
1353
996
2202
1149
593
2048
1500
2758
2811
935
1546
2275
733
2585
1073
661
1784
2310
1279
253
2947
177
1187
2527
2463
284
1783
686
2086
2422
1922
651
2584
1086
2954
2469
1695
2347
1358
2217
1356
429
6
738
1302
715
930
1067
1683
1903
2467
1686
2088
2912
801
1293
308
813
1102
89
1750
7
2171
607
1246
2166
1299
384
2127
2302
956
150
2761
895
620
120
2038
617
2096
320
746
2624
858
2506
1285
1523
2105
584
694
2757
1138
2341
2813
362
175
2290
149
1848
624
1883
844
581
665
2979
2529
1289
1661
1652
2590
717
1555
834
2231
594
15
2326
2668
1800
886
1912
2782
2192
2123
130
481
2031
1422
1737
1711
55
385
720
2578
684
1535
2701
3000
1707
190
2562
1484
2431
1713
218
1251
1021
2614
2708
2348
314
1729
1400
2508
1013
955
2213
2553
1679
1278
2898
203
803
1349
2525
42
1046
2774
534
1133
2621
1860
642
2789
114
2638
947
1584
1130
958
275
1984
564
1918
1782
1885
1968
1094
1074
1573
535
1839
2374
898
2228
2890
1041
849
2387
2937
1811
313
2157
2054
1673
1594
2582
1476
2829
1838
2062
1305
2413
636
789
542
478
2820
832
1571
1238
2076
2262
167
432
1884
2321
563
637
2308
875
2266
2151
2230
2180
2398
202
1048
2128
2803
2776
1953
1654
1961
726
2743
1534
2112
431
17
2362
1974
1201
902
2861
1169
153
1083
196
2688
2570
881
1639
2154
2093
246
1625
1106
1137
1869
1178
777
2933
791
2448
759
1509
847
2273
1514
2595
540
638
28
2224
774
632
14
157
1447
1114
1588
1944
2494
782
2903
1406
1651
1394
2490
852
2963
1258
2008
1693
2913
2592
787
52
860
75
1328
2295
20
693
1529
372
222
2715
729
1768
2911
1694
492
2274
1232
333
4
1908
1280
2548
455
2249
1162
520
2906
1065
1728
776
2188
267
173
1575
810
2106
2305
1483
61
2037
840
2603
2261
818
1795
532
671
2705
2049
170
1998
2542
1360
619
47
1796
119
1826
2069
27
2356
2873
2156
784
1442
1999
2737
2495
2840
1744
198
761
2924
845
2461
2432
389
1413
1389
553
1990
709
1445
2777
1732
2259
2914
48
669
546
1648
2946
112
2902
1141
1882
83
2426
435
2515
2451
2830
2071
2943
290
567
1200
496
676
877
474
1190
19
2599
2342
1386
1036
356
1373
1275
2731
2002
2642
1471
786
1448
277
13
1834
2801
704
1301
152
1516
1979
470
1473
1458
1333
96
8
2545
2949
1024
596
2299
1580
213
408
439
2147
2521
1080
601
376
1203
953
1703
2747
442
1656
1397
1586
209
744
934
735
257
456
2783
2137
1856
872
2977
23
1551
2767
1989
2296
68
1544
2770
621
1001
1554
1657
938
2248
162
2443
1020
2607
924
2953
135
2550
893
2641
1610
815
509
1233
1078
2734
685
513
2458
753
60
1788
1900
181
2438
939
674
932
1174
1532
757
974
2373
885
2159
1077
2298
916
985
2391
417
2150
530
1159
2477
666
1877
2397
221
1928
2161
498
1669
2748
276
1550
248
1520
1015
1240
2283
1515
1456
2077
2246
300
1061
1428
569
1817
1211
413
127
2227
2209
1640
2536
2901
200
1031
2787
1462
2530
92
2129
1123
446
836
1527
2984
1434
1981
1368
1676
1604
2923
1477
250
1096
1440
398
1259
2685
2073
2396
1266
527
1564
946
1805
1449
2670
2160
2505
489
1940
1936
1104
2800
1853
242
1842
555
1893
2908
2207
2400
1830
2182
1112
2185
2849
2366
1315
2372
2234
322
1569
2333
2092
2580
1298
2921
2868
1105
2798
687
1902
1253
383
1822
80
386
2765
2072
1769
2003
245
1234
1605
306
285
2735
574
2523
1379
763
2922
2395
675
1665
2120
164
2024
1304
1212
2113
2046
1719
1725
411
1493
1660
341
612
163
94
1708
969
714
627
369
2888
917
441
2079
1844
1247
1929
1209
2099
2327
1934
2067
2775
583
192
1491
1960
1066
449
2135
2357
838
2965
2822
884
1172
2594
1595
2075
2610
2313
1807
2850
422
1088
185
2941
2269
186
421
2693
2968
1412
2152
662
1745
1630
373
1547
2314
1847
1179
507
2478
506
49
161
1056
2363
2877
1357
2948
331
1690
2315
2851
401
794
928
537
2587
33
2116
2696
2825
2987
1438
603
233
289
2418
972
2750
2940
2942
1970
829
1612
2318
725
2412
919
2104
538
1528
82
2023
1214
1180
493
1757
97
2507
1322
1906
2843
839
72
646
1689
1175
822
2863
1603
1380
1987
2420
2926
1890
291
1642
2602
1117
1489
2848
927
1983
232
1004
2218
2361
1718
529
976
1151
310
137
2203
1129
1205
2779
2703
1132
2684
2468
2466
2847
2504
2567
1643
2392
1018
1139
2574
2632
1548
1761
1385
639
756
1107
556
1009
963
338
1134
749
2013
205
2629
984
217
940
1966
515
929
2385
1876
1956
485
2384
1419
616
375
1079
1556
2130
2355
1342
728
778
2540
2511
736
2698
1297
91
809
1511
660
1235
2633
2537
611
126
318
1501
2081
2492
2555
1490
2058
160
405
2858
263
272
2004
345
2917
559
2455
1897
1662
1668
982
1418
2237
1907
2957
2616
905
1646
887
1598
482
2039
1894
670
2754
1785
547
1072
890
337
1502
2059
1861
2714
2874
458
2204
2098
2773
2559
172
1359
1000
1939
1027
475
824
1121
2223
1426
2891
1189
2661
1825
2762
681
1191
1062
1272
1321
558
968
2020
1786
2454
2721
2706
1920
273
430
689
1367
2630
1186
1075
1592
501
769
2208
2827
2291
760
490
2869
830
1059
2501
1460
1716
1025
2516
84
371
1576
1886
966
2649
1252
454
2045
2727
1188
1969
3
672
2554
2070
281
294
1889
640
911
1837
2484
2546
2742
1158
2279
590
1579
2486
1967
2334
1183
1997
1192
2430
2956
2183
1393
1467
224
1919
625
1791
128
463
1566
2665
2244
2955
2780
473
659
343
618
95
1954
2547
2184
57
1645
826
2289
1037
2025
79
2532
255
1466
2068
2336
2795
2960
2441
1712
1537
1945
973
2964
237
1851
2932
848
2330
1363
981
2110
922
1026
2681
21
293
2658
309
2316
178
819
414
2538
2027
2689
2419
2961
2753
579
1819
117
2055
1161
1506
50
1706
740
1177
1016
2444
835
950
2083
2406
199
2344
1840
2437
1377
2109
2560
1023
2191
605
103
1705
1521
2634
76
2797
673
2143
397
1952
739
1813
239
296
399
2531
1582
2729
1408
2674
1076
1237
773
2839
2517
479
206
210
702
236
948
495
154
1747
380
1423
1345
1677
2631
415
2717
390
466
197
2643
1710
2959
2623
357
1032
2381
2267
1320
554
712
464
269
500
2875
2645
779
2483
2654
783
2646
1832
1637
2170
10
2033
1617
1370
2358
1635
1225
2389
1277
1485
1525
2042
765
99
1935
2026
1776
483
2831
497
1991
1254
2879
915
403
1045
2772
1429
238
1230
1414
817
873
764
1165
514
1384
459
2637
1858
2936
663
502
1331
2190
1382
487
418
2916
831
211
2339
38
66
2168
1196
2671
2094
2690
1097
2370
1809
841
433
1070
2896
2656
1265
159
2158
382
2569
140
1880
2056
1734
2680
2905
2832
2712
31
63
748
1313
1330
2195
2215
1926
692
805
703
1808
151
2196
460
2459
260
2995
865
1116
2785
1863
85
952
908
2016
2612
1964
2060
2604
551
2401
923
444
407
788
2216
1874
1344
105
220
2994
599
2268
1513
1439
394
2200
2379
351
2103
1222
519
1388
286
1687
523
701
2177
2254
897
2909
302
2078
391
2193
2044
645
1042
708
2280
1261
1879
754
2626
268
2319
1770
1480
1
2409
1498
328
1623
67
750
326
2533
1446
2132
2655
1472
2352
2179
2647
2368
1396
1494
2189
2382
142
1244
2091
1295
264
592
228
811
1115
2793
2524
1391
2880
743
1283
2144
1849
1224
1802
1696
113
2792
1938
518
347
1764
2346
1220
2958
1372
1273
1470
994
2445
2407
183
508
1035
1376
1492
957
2285
274
1614
1231
109
1613
942
2175
571
1578
1481
1155
1006
1827
2702
2766
1017
536
878
1597
510
2534
1627
1120
626
2201
2053
1262
2794
1559
1264
1153
1085
1870
1450
2628
1641
807
1973
2876
2304
698
971
1052
2809
2867
2236
1724
287
2999
2472
2328
171
2502
2563
1142
1124
1828
436
2677
587
710
2005
51
1965
2709
1308
370
2427
737
1600
2063
1453
2790
656
772
1522
43
1208
2499
1395
2892
1855
1715
614
1135
145
311
448
2672
136
2229
1754
1508
568
2470
26
1281
78
1250
1682
2219
1216
1916
2579
1433
2323
1887
262
2799
1101
2653
353
64
1891
723
212
1260
71
960
1700
977
2172
541
667
2456
1346
2834
215
1932
613
533
2464
1033
2636
2162
851
2345
827
2007
352
2476
630
925
1850
628
1125
2860
2364
256
2010
471
1865
2565
2263
1457
2930
2421
1675
1166
1030
1381
1709
936
1780
1156
1563
98
1348
2593
1228
2111
1047
2450
2535
1350
2270
2556
1760
1332
2838
1841
557
1378
2140
1778
580
74
2694
2726
2211
125
524
918
2102
1680
970
797
2566
668
1972
2710
54
342
517
176
195
207
2503
2287
1558
2828
129
46
854
1451
1846
1581
2415
1553
2804
1064
688
2040
1574
187
1873
1957
1868
1733
1213
1524
1270
2436
2272
1629
1914
2836
654
1199
480
2241
1479
2682
696
1392
2460
102
1068
758
1335
53
2115
575
1589
2471
503
888
837
447
1303
2673
1626
477
1022
1274
2558
2842
1875
2256
1749
1058
1992
1798
349
2238
1801
24
768
22
2226
1402
2417
121
1767
1541
1977
1590
828
857
1390
332
1354
2012
2353
2716
2786
1962
1803
1650
2931
1436
2609
1762
144
1951
1010
2057
2660
742
2282
2733
465
2233
2360
2232
2910
1296
2893
1667
1862
44
404
2350
301
392
2447
1329
235
1486
261
2887
943
2090
1008
5
1496
2606
1292
1843
901
1632
1245
467
1818
1671
2167
476
2388
846
188
941
2480
1095
1255
1743
2153
2006
225
1122
945
1565
2944
2699
2972
73
591
570
317
643
1398
2864
360
2354
395
278
1043
1898
1340
377
2021
234
1109
907
595
2600
226
1852
304
2198
889
2293
2493
2122
1975
452
561
2720
445
1309
329
143
323
683
597
926
631
344
1899
462
2365
2297
511
734
1628
1829
2855
843
1917
2985
2399
450
914
292
987
2173
307
2618
2221
2101
2997
2564
428
1167
995
2439
315
1263
2148
1420
110
2474
1176
158
115
1720
2375
2394
856
2118
1410
327
434
1339
623
400
367
566
1148
576
2522
1835
2613
2852
699
853
1002
2719
891
2155
1570
1055
2047
1306
1735
381
1624
2970
2915
2378
1777
1463
931
1039
2520
2320
1310
1163
9
1131
825
634
1051
1963
2257
2870
951
989
780
641
528
806
184
2907
2149
2343
1996
2818
771
2981
562
2627
1950
2676
282
37
1678
1552
1338
204
526
2662
1681
1443
1054
1495
2435
2544
288
1947
937
862
1797
1924
2446
1399
1895
2199
2139
2571
2650
36
1287
2414
247
2746
2752
1905
2586
1793
2433
2998
2837
2950
1204
396
2043
2833
1602
1810
2423
2983
1980
2552
2620
1362
2134
1517
2479
2669
1666
1127
1319
2214
2462
214
2107
718
1878
2872
991
751
2022
695
2759
691
1636
2513
2687
148
1028
2845
2251
944
2125
416
1941
16
1140
1823
2791
2281
123
2945
903
2416
1057
1759
2181
2124
965
572
303
859
174
1892
1775
488
1644
650
1726
1029
998
40
2841
1091
180
1530
2222
2969
2597
2718
1312
1545
2034
711
1857
1927
752
1110
2812
975
2755
1955
1257
2496
107
366
2749
1300
2276
252
1347
1911
2952
146
1098
1239
1217
867
2756
1599
374
1601
295
2862
2543
1910
2700
2473
2018
899
1271
880
358
147
2061
1256
2514
266
1210
2019
2114
2403
1820
2264
1948
1267
2736
1227
316
65
1415
781
906
2771
879
677
1704
2440
602
2481
379
244
796
312
2778
814
2635
2652
1988
30
549
2967
2992
1143
1103
1407
2009
122
722
1921
2235
1325
346
799
1171
1752
1409
1701
1343
1692
2176
1596
1050
2744
1655
1913
330
747
155
1621
1738
578
2449
1111
2781
2271
2404
350
1606
2611
1774
472
2978
2164
1012
124
1182
2539
2528
1282
2015
2805
2442
423
2810
2856
609
2509
967
1431
499
1771
2882
2788
2210
1118
658
2982
647
443
896
2434
363
2030
755
2087
406
2029
1691
842
2300
2250
2410
156
1365
2561
2
1336
58
2367
1504
409
2301
1452
106
876
1249
258
1792
2897
335
690
1181
2324
251
165
2485
1427
721
855
1915
816
1290
2739
2986
868
2377
1904
1424
1474
2899
1294
959
2763
2938
785
1730
108
1361
2307
1867
1150
243
325
1089
588
633
1753
820
2976
983
1824
2085
2738
1226
35
648
2260
1633
2245
1978
706
1236
2596
1092
457
2284
2885
486
548
1816
2386
1790
988
93
230
732
1909
1136
2303
2691
1526
1723
491
194
986
2335
412
2253
2322
1241
2500
69
1933
992
77
265
254
700
586
2557
1375
2041
2338
139
585
111
1806
2704
1369
2286
494
62
2692
2996
1007
2337
2935
319
1872
378
1751
2142
1930
1401
1533
1482
393
604
1147
2973
1583
1454
1455
964
2065
1334
598
2760
795
305
2197
88
2329
271
2549
2723
800
1063
731
1223
1748
1040
1789
2312
894
229
2032
70
1859
2974
1145
419
201
297
1901
2572
516
2951
812
1341
990
179
2095
904
2741
359
1119
629
1616
1518
2050
2722
2679
900
1425
1475
962
792
2894
1736
2678
1958
1093
1193
2740
2657
2844
1688
1971
1411
410
193
1387
402
2425
1634
1005
1229
2993
2666
1572
522
1099
2121
871
850
1937
606
2475
2288
1082
279
657
1432
1352
1896
1307
104
2919
2371
2640
1619
2667
2393
2051
1543
388
2240
808
231
2309
2359
426
1184
2823
2625
1206
1478
2453
2163
2576
1505
240
716
81
1371
2730
2332
1170
1202
2331
1946
2117
560
1071
2133
2457
1437
2815
1888
1672
1019
1714
1717
2802
2000
1146
954
999
1542
1512
1593
2971
1461
1404
321
823
920
2465
2817
1198
2751
138
2424
1591
2498
2489
2883
2292
2824
2826
2846
713
2119
821
1531
539
1766
2608
909
2174
32
2784
2881
2975
2966
1421
2814
365
1128
2369
874
543
2255
2089
2615
1459
368
2588
1557
679
2806
336
1942
1288
1781
1503
933
577
2871
730
2551
29
1539
2939
2651
762
1351
355
2108
2186
100
1469
1799
2884
615
1465
1787
1090
461
1685
1993
2724
883
2598
2340
1538
2247
1845
420
1609
793
1567
652
913
1731
1318
1355
87
1326
1674
2889
1011
223
1561
2918
361
1383
892
802
1219
340
1864
12
531
644
182
1248
1727
2036
2178
484
227
2988
1779
2080
980
589
1157
600
134
1814
775
1772
25
1215
1218
1697
437
1854
427
2383
1931
2541
1587
1430
2575
610
1507
1519
882
387
241
2408
2707
719
1615
1044
1540
2664
1568
2886
425
682
1699
1403
2084
2220
653
2663
655
2808
1607
979
1976
978
2853
1152
552
1663
1653
1314
1087
1923
191
2713
2306
2819
2138
1081
1608
1985
2622
2568
440
961
1949
1194
2351
1113
1316
41
2317
1756
2028
921
2639
2745
766
1084
1323
635
141
1995
2866
2141
1631
2878
790
1611
1982
131
2452
707
133
2258
912
770
2644
1746
280
2082
1417
2225
910
1741
354
1154
525
1986
863
1833
1664
1053
2510
2001
866
1773
2589
2242
1195
545
1221
2686
1658
2165
1416
2169
2695
2807
2928
550
1364
1638
2573
2581
1366
833
2816
2411
11
2126
2487
680
804
2934
727
2035
2857
2675
1049
334
299
1284
1562
2711
364
2482
1499
2325
2683
2925
1144
1435
2380
469
1464
2769
283
573
745
1327
1126
2920
2405
2821
2526
1060
2074
2990
1337
2376
1003
1468
2605
2064
678
2927
870
2895
1291
2017
2402
324
2146
1739
869
1197
1812
1268
1276
1444
504
2491
1168
2732
2697
1618
2900
1758
2428
2205
2100
2512
59
2429
505
2601
259
1160
118
1831
2497
1311
1702
339
1763
2239
2206
56
249
168
1185
1670
1794
1577
1721
1659
622
2014
1242
1622
208
2619
1164
116
1497
1374
1821
2980
2989
2991
2131
2187
705
424
2265
2728
2011
90
1755
2725
1722
270
189
1069
1804
1698
1038
1959
2194
697
1286
45
438
