4472
1088
8624
3928
7499
9272
1322
1696
5235
8180
4639
4300
482
5772
5828
730
3600
8445
5998
4424
2105
2188
2649
6705
6053
5021
7216
8117
927
1964
1365
1739
7011
2500
8526
3824
6090
5729
2049
988
8510
5063
9988
1937
8350
7957
7002
2322
6826
2680
8507
5566
1643
2451
7788
3565
7474
9328
8352
1573
9699
1940
7895
9242
8660
3693
5753
6554
8883
8623
3381
6132
6248
2947
9493
2572
6404
7516
6754
7938
877
2172
1741
9081
9721
3589
2603
1026
9063
1130
6522
6177
1778
5454
6355
301
2529
6542
6933
937
5886
9441
3680
441
7432
3352
1222
6716
6492
2847
4789
4673
9138
8179
9445
2301
8373
8734
6867
5285
3694
5704
225
8366
5455
8421
2487
6917
3126
1299
9298
8771
8813
5569
5137
1149
2836
267
5358
8715
9825
3688
1513
318
7324
5584
7929
457
4608
7419
5259
2786
4021
1189
7684
7150
1067
34
1092
3198
2916
3290
3626
3645
4035
9904
5093
5067
7688
6994
1853
6245
1021
2423
7612
5252
201
6070
480
6614
7347
5637
6683
1890
538
7226
8856
8737
2737
6449
9307
1286
5783
9813
7989
5847
625
2674
5456
4779
7917
4372
5182
7636
810
6744
3993
2770
3355
4746
8837
6359
5997
1548
2851
517
4362
25
741
2465
8278
1402
1495
6618
6702
4836
8954
5625
4494
9031
5161
5924
8842
685
2752
7006
7161
2888
7671
1126
163
9925
8815
9020
5488
9599
7745
6324
3275
4219
9902
2658
2112
9707
331
621
1484
8474
2903
2973
5599
6076
1627
4470
9926
1376
6883
3963
6545
3933
4612
9765
8129
8690
2151
4496
1916
8247
503
7115
7409
1815
3658
1533
4443
2781
6340
9516
7977
8997
9363
2271
2869
2772
6044
1950
7802
5912
4360
7213
4247
991
9266
1493
1287
4522
130
947
5661
9191
7257
88
4717
6014
5367
289
2532
7061
7944
6059
3239
4790
4959
8470
6854
7972
6289
870
4488
2868
978
3878
6729
3343
8141
5240
2846
5132
6993
3265
1744
9537
7454
7018
9317
946
7764
8828
5802
2047
4222
9478
6050
131
1371
1331
6137
9264
1592
627
9374
9847
2520
1177
6128
3481
9589
1535
5268
2855
7594
4679
550
4626
3793
5538
6263
6000
6473
3163
2758
16
8795
7424
285
6536
3430
4968
5227
4880
7980
1996
1702
1736
5218
3034
9359
6429
6990
4382
7478
4513
9998
6970
278
6432
125
5574
4026
2108
965
8566
8648
1321
2939
3539
7662
5563
4527
1306
7850
4802
5806
9473
3542
7186
1724
9361
1127
4325
4648
5401
710
7601
4308
8164
8773
4229
3080
6085
4258
908
8033
7194
1335
4901
891
2468
2453
1564
8728
9316
1235
2223
5594
4711
9577
4453
5595
3182
6423
7027
6712
4868
2314
7108
9635
3470
769
4404
3950
3199
6969
5972
3705
2650
9288
5222
1487
1849
453
5752
3105
2566
7778
50
9588
2385
9327
152
3965
8937
2171
1357
9578
8632
8712
9378
8618
4815
9261
3630
401
9914
6743
8043
9640
4485
8636
463
3340
233
3697
3338
4090
2880
8766
2419
2579
2053
2081
8175
1069
1055
8812
3567
9418
216
696
2410
3521
1226
1290
8237
3453
8231
1767
2732
1893
4659
10
7970
1578
2583
4203
6953
7701
2155
9940
7333
651
4015
2614
683
2371
9547
4183
4171
8622
1091
9802
3896
4937
4501
5848
2373
4206
3591
6871
4218
6168
8671
1038
3931
1525
587
3328
895
5463
5492
3388
8085
2694
4055
8284
1471
7986
7846
3356
7669
3526
3469
3785
8809
9289
5514
9541
1883
2906
2654
5799
8740
266
9414
7932
5011
3093
693
9809
5617
3671
3548
9432
2266
4482
1588
6496
9426
7372
8694
9906
6467
7948
3141
7481
3391
7221
9271
6829
3318
1648
6591
3491
9324
7388
4646
9235
3942
7166
3670
2673
7952
5386
4712
5871
7446
7776
673
9665
7519
3436
4353
1411
1
3720
6682
3552
302
4224
1284
7840
8620
9431
7637
4253
4710
4421
2913
6425
542
1833
1856
1123
4825
9793
214
4728
9064
2992
4818
2731
6071
8111
6250
4641
9402
4858
4233
7693
8234
1213
998
8166
5803
8674
9549
2146
804
883
6072
4049
8047
2070
1507
4445
8999
1814
5996
4877
9269
3369
3711
6162
9229
7739
3627
5478
9571
9460
409
136
2698
1968
8501
8743
9188
5860
3980
3166
4438
5794
7841
8504
49
6504
2368
3046
8432
3411
863
5116
7811
4803
6937
5426
2186
6105
5250
4133
9424
4956
7305
2793
2299
3836
9565
4122
7491
6113
9601
9989
2187
5002
8870
1348
3967
9548
7511
3975
5745
7142
3898
9122
9701
7356
8593
2700
8925
8862
3114
1367
7704
3757
6641
6700
6430
8557
6825
5648
4837
691
1251
8029
6773
7168
9703
9110
158
1641
9033
6776
2485
8832
5969
3908
487
4770
7058
5638
4913
9641
8495
7583
8241
5103
1746
732
7633
7047
4053
4033
1704
9756
8343
2798
6410
2545
3449
1633
7585
8020
4302
6269
1847
6709
3484
6173
681
4190
5104
5381
5797
9017
4914
122
3915
7289
4099
8344
341
4213
547
1713
7484
4822
5959
9108
8644
3660
170
8349
8958
4144
3096
4271
7941
9323
9099
6515
9333
4760
384
9077
1825
8437
5293
5301
5061
6058
4204
196
7935
6300
9764
7765
4012
8459
90
1136
9150
8158
514
8680
5269
848
7368
1505
7007
9124
3176
1863
2239
1631
3152
8909
7487
800
1244
5475
2273
4885
3996
6465
2167
1944
1075
7189
546
5321
6459
6230
1187
8161
29
2589
8535
869
6676
2197
1748
2192
2056
1943
1723
962
7440
9736
8479
670
9086
8283
3454
5431
116
602
4373
333
8431
7698
1806
33
9867
4508
2664
6502
2257
7831
2646
4603
876
6198
4118
5810
5792
7697
4884
5985
1519
8860
2051
8259
2796
1743
8487
5980
3984
6664
9762
6419
5767
9974
6213
4669
2295
1264
5486
2780
5529
2764
7777
2075
3643
7729
5325
9318
6779
5904
2687
5623
3073
7607
8213
3404
4615
949
1935
4029
4775
9284
9897
8534
8579
6809
1070
588
8568
9901
1875
7346
3330
1104
1429
3139
8402
6334
997
1296
2033
4502
9136
4423
3076
9718
2411
5399
9488
5733
7923
9501
5795
4572
345
6323
7256
807
4623
4730
1263
1319
2484
5683
9645
202
6207
3618
7489
9406
7544
8502
8448
1137
8996
3049
4947
832
9794
2983
2886
9801
3961
860
7534
3759
6639
3067
770
5221
9513
4259
1898
1327
9305
8546
3195
9849
2561
8586
7037
8034
5875
8827
6975
5241
6815
9586
7375
6882
6477
1927
2436
6879
854
6217
7746
8597
9841
2930
6960
7086
5281
2760
3543
1163
565
450
6661
432
3867
1159
1082
7905
3698
8912
2103
5136
3889
8635
425
9821
4264
8582
2570
1925
841
6580
950
9575
162
4091
8821
4231
171
305
2787
6558
7182
6897
7050
9153
5634
3326
8945
9151
3798
4656
1206
8892
3951
9192
1624
3012
893
224
4703
2278
6787
9053
1030
3429
6397
2910
9404
4967
6265
8607
7731
7097
4005
8797
1807
3390
2247
1419
2722
8552
539
518
5266
7790
7736
1368
3807
4104
7290
8306
3943
8201
3142
2878
8864
9450
2765
9945
5588
8985
9174
6385
3456
4616
8275
8765
8410
1060
2659
8324
2499
2604
9874
594
3090
5619
8359
5863
9087
5700
8545
9702
8672
8229
416
5316
4576
8181
1414
6002
2306
2958
5145
8667
9428
6472
1171
3027
199
1071
4396
2565
5880
2883
244
8273
740
1089
6102
2399
4045
4007
6926
5432
9128
6247
9834
4237
7497
1955
6966
5160
3082
6535
9455
9969
938
1334
9631
2972
3342
6583
8869
8895
2989
4275
4985
1910
2319
1451
1297
6833
7538
8211
2902
4722
3294
7809
9357
2395
1830
1596
6609
3095
6853
7461
6326
568
3203
1481
2909
1628
3598
193
7274
9309
1307
4348
1860
611
2519
6294
7204
1864
6799
8532
6903
4801
744
1133
2066
6111
3479
533
7804
5916
8173
7102
9041
7806
3317
9563
2578
60
886
1421
9285
9417
1999
6296
5552
8142
6028
5936
1997
2727
8865
600
3378
4126
3156
6977
3861
750
5129
8531
5057
620
2377
43
7743
9430
1551
7087
3962
5533
20
2692
1869
6099
2768
8221
1965
5186
961
8550
5832
9376
2060
3140
7975
4497
4525
4153
6886
4997
2261
4862
552
879
6908
762
5327
6243
2956
7344
9597
4995
2028
6996
478
1384
1061
9958
5994
8538
2937
166
868
2119
9917
8009
6141
7817
4911
4883
7899
3833
9673
3520
9936
4442
6983
9227
6850
818
880
3730
4335
8678
2353
4142
2637
1881
2022
3438
5051
1843
6420
3013
9143
7973
378
3685
3375
9001
5564
4179
1224
6623
5165
7819
5621
9152
9850
5405
1908
9616
2125
1185
7248
9655
3616
4796
1084
1693
8829
8904
9587
3063
3987
8987
7451
497
7198
1347
6067
6667
5016
2219
6585
2030
3496
6764
8152
8868
1397
6511
297
110
709
9574
3413
1119
4875
7068
2577
9784
756
4981
7974
442
9617
7512
8224
574
3837
2891
1727
7791
7426
8577
9918
8155
7043
4243
714
5282
2061
1703
7726
184
7629
7683
5988
5102
9738
9632
8521
4655
3325
471
2474
5376
8281
7961
3307
5839
5734
2963
5499
5387
1574
2537
1267
5065
1536
8935
9908
5892
7976
3419
5413
6388
2641
6176
2024
4163
8286
529
9661
9365
4713
9785
322
8726
8675
8657
8473
4881
2621
975
914
3559
6605
6928
8458
5257
2433
7740
1325
871
3935
7130
468
8554
4292
9903
8702
900
1989
5131
963
4900
6912
7448
2671
1836
5287
707
9302
5787
4031
6444
8722
4660
393
3424
494
3782
8513
4191
5939
5152
4439
6559
649
6950
7844
6732
6831
6860
2813
765
9409
6233
4657
6357
9669
8193
3010
9407
9695
1906
6672
8004
2668
7505
3042
7847
4180
7082
8121
858
6376
6722
4161
2767
5445
1000
713
5697
3043
746
1128
6802
8893
1609
7339
4111
7231
6991
7654
4827
2311
1078
6663
9572
2864
1434
6973
8119
7466
6304
2829
6338
7131
4867
6183
665
9277
9459
9175
6144
1204
9633
4686
7400
6541
7030
9923
9569
2741
7012
1803
8095
63
5446
8416
3684
7463
5177
3767
7672
9069
7320
1490
4834
340
1214
4239
4345
1605
9816
9710
8913
2251
1892
189
6013
5101
5343
3752
6898
4567
5740
1919
9483
7956
7389
3835
6655
1560
7207
1499
3253
3249
6214
6588
3679
117
5965
3022
5575
501
4930
6351
6629
6441
4952
9121
3269
9447
4636
3918
4998
8890
8914
8217
459
1190
1524
8988
2594
4692
7396
2349
5576
9862
5894
8888
3229
8223
973
7555
2107
7528
1059
6701
9263
5070
9047
3434
9772
779
243
6747
9097
4706
6417
9362
2229
3997
4993
9476
5927
9697
1569
284
7762
8926
9536
4408
6637
3709
32
2994
1706
7076
738
6184
6624
1810
4894
6081
1725
9095
2729
9944
1654
1698
4077
3946
6820
8294
9795
8889
4685
4917
144
2082
8174
9422
5893
6724
2769
9314
5738
8558
5400
2356
5053
797
1658
9088
5298
7472
8533
3363
9498
2032
7
7055
983
7323
1401
3452
8428
1529
1022
6252
5917
1672
638
7805
4
3038
3262
8500
4418
5471
1516
3498
9724
1298
7010
6827
4116
4700
215
8198
3250
264
7901
4187
9352
9147
9592
6372
3736
8850
410
5059
4820
3069
2928
1850
9886
4310
4381
8748
3847
489
8746
4856
669
5580
8102
4220
1054
2874
1586
8755
3011
3256
8824
2026
6888
2632
6546
2116
1620
3892
4622
7443
3459
9503
9119
1016
65
9096
8768
4184
6257
149
4737
6421
7655
3866
4208
6178
2638
3512
2149
9454
2435
7588
1066
4524
6280
9102
3446
2
9109
8176
1894
3816
6
6260
2547
9084
7398
6039
3393
7081
5906
802
2550
3507
8397
2933
7201
6295
6513
4953
1053
7021
7089
5099
7367
2448
731
5777
6673
6526
5188
3914
5759
2393
7702
8683
4273
5571
4124
566
8891
7679
5496
4601
5560
4931
6336
9853
1255
4838
2121
2063
3728
1301
5678
4671
7833
5440
2143
2584
2892
7758
2232
9345
8303
6961
8731
6305
5309
4454
1580
9206
2214
4384
7576
308
7837
1804
1394
5333
2907
8007
2341
6859
1917
2135
896
8265
1587
8418
7559
8719
3186
5467
5239
4841
9098
6772
6587
2288
7135
3568
6268
4189
1717
3973
2893
1424
918
8257
1546
2957
6499
8770
5207
9273
477
9296
6923
4457
5834
7821
1604
1350
557
7139
109
1503
5598
9046
6533
6292
4693
7020
2272
2450
830
8297
8896
4132
8079
2015
4420
115
1561
1557
7991
849
3617
2323
7734
1188
256
9810
2285
4683
739
8625
486
8494
2860
6560
9380
3901
6840
9243
8814
9326
3030
6458
8570
4334
2605
9215
1399
4807
5196
8232
9726
6201
8361
1183
537
9282
3637
1045
5531
7832
3761
5789
70
5485
6553
2195
1542
8497
3184
2249
8372
9388
7589
9286
1640
720
9881
7071
2833
5393
1009
5019
2184
221
3769
3416
9972
7714
7515
9734
2255
4980
5691
3025
1785
1349
9627
1809
4416
3019
5192
3494
4079
7558
838
8739
4451
3937
3753
6186
721
7178
4812
5474
9170
1114
1613
467
5984
778
7678
7548
3558
1064
3259
23
8974
1915
3620
8330
7167
6566
1576
684
6600
6211
3719
1086
1896
5289
7829
8949
924
9828
4832
7225
4546
4579
5656
4394
9851
5128
9114
8932
5521
2921
4460
1911
405
1945
3047
8955
3932
8293
6797
4556
2418
55
6755
366
218
8981
9310
4563
2774
692
2597
999
6785
8183
3439
1369
9301
8469
3155
8408
7238
5728
5606
2206
6353
606
7031
4543
5457
2340
9055
7199
2915
3522
6368
3148
2267
7876
4069
2037
205
3057
1922
833
8776
3384
6981
9145
7308
7280
1645
4605
4731
619
3981
9739
4927
371
5509
1855
2431
8919
6074
2513
7349
1977
6333
4447
8602
8315
8786
6768
8929
4609
392
2509
252
6946
801
7032
6318
3120
1015
4477
6766
654
1991
5537
4002
1311
2552
5395
9371
7093
9941
9000
1572
9304
2971
9320
9142
8946
3465
4260
5694
7279
2705
8222
5900
5519
3546
5750
4001
8992
2505
2945
9899
9490
3875
5663
496
4093
8556
8112
7543
3846
7318
22
7383
1271
1117
7151
3702
4201
6021
6080
9481
3399
3780
4252
1486
4992
9662
8729
1899
6426
5889
5681
2556
6749
71
8713
8439
9896
7428
2478
1336
6584
3130
7608
377
6188
1652
9919
9767
5084
4458
1621
9056
5685
6949
5593
837
6963
8816
3372
5790
5652
2316
8405
3116
637
6171
6739
5214
2695
6717
6428
4254
3945
167
4661
1295
2696
9197
3467
1329
7379
3995
3615
8097
5877
971
5536
6483
9868
7148
273
9843
1121
7214
7503
9723
4322
7858
78
7435
7747
2559
8178
6491
3957
1765
3821
5666
187
6893
3418
2374
4064
9427
2348
6878
1494
9900
8096
3842
9913
1186
5714
15
8425
4034
6518
8388
9487
5923
4631
1291
7845
8309
6288
8617
5684
3423
7143
6490
4519
3502
519
4296
2620
8493
8270
7215
6440
6110
3768
6240
4847
1774
8345
2132
2191
1345
9965
9799
6593
505
3884
7942
1522
4145
7091
8590
4512
3448
7179
5944
4734
3061
106
2458
5805
9523
8876
6489
4625
7065
8475
9835
9854
9712
1718
105
108
8072
2931
6322
2607
7291
2703
2230
2551
6451
6153
2140
4540
6690
2176
7026
6255
7046
974
8137
5502
8059
1209
4510
1491
1012
219
1520
7656
5636
5191
7275
6279
1831
270
6239
6858
3074
6361
4003
8578
3301
7218
6570
7181
6453
4349
395
8697
6988
8689
7661
2077
6778
8975
8362
5421
7682
4192
6786
7988
4011
1880
5028
7498
704
4295
6856
4344
2315
2361
8204
7971
3473
5329
4084
2580
579
7882
6392
2162
5866
2241
5855
7184
1777
3260
6759
8851
5245
4154
6699
4040
7348
8485
1046
6538
6046
5755
6256
8208
8910
4479
601
6101
661
5095
5125
7315
6360
4684
6345
2366
8436
951
9830
7266
4483
3360
9213
532
4709
3064
5873
58
9270
6045
9518
3547
1351
3211
9832
9542
9747
1681
4155
1688
7164
6621
5159
2120
8226
9930
2302
7749
6362
7374
5015
1958
782
7706
8089
7159
4599
9038
1220
3406
3689
5558
367
2050
9743
8248
6819
5991
4819
4076
1582
873
4647
6924
5365
7735
6145
3971
6396
2153
9502
9932
6984
5657
4484
8420
6894
687
1590
4401
2745
9996
7703
9882
9149
7191
3699
3841
5561
151
824
8844
723
6706
1472
6424
3486
6734
2177
6972
1986
815
3977
7906
246
7593
3852
1581
4489
4328
6861
330
7756
2675
5314
887
1416
2657
5459
9471
5483
7192
5737
7744
460
6460
8132
3112
1474
4487
9567
7642
4428
3440
2054
8750
502
7254
437
8188
9262
5264
1427
1543
3911
8905
2264
4984
8044
5899
1711
8676
2719
8476
7405
6470
4343
7838
4094
9999
8595
8342
1597
3219
7070
4057
6471
3238
5525
6109
682
469
3870
1373
9423
7836
8599
3983
3357
6803
9911
5742
7725
5971
9961
4188
5895
9165
3538
8387
8384
353
4842
3738
2324
8788
4359
6939
4520
2069
2012
9360
4317
2097
8258
9482
2749
1816
9346
1805
1377
9758
6172
6998
1372
3460
6731
1157
8449
1824
2073
3703
2723
3555
6881
5587
9226
8668
7335
1933
842
4666
6481
8498
8427
8898
3595
5642
7657
2740
2062
867
9924
9722
3240
3474
4905
7169
8924
9157
2344
6446
2967
3050
3462
5915
521
1100
6375
8105
1360
4106
6919
4925
2019
3361
504
7209
9239
4036
7109
9539
9068
3094
6612
7258
4910
9544
5651
5307
5295
1646
7163
6544
4022
9023
2044
6931
3715
4102
8039
7665
4037
1489
2329
7413
3297
8218
142
2130
1987
5226
2269
6808
7843
4590
8302
4528
7090
9878
8419
7571
5859
773
2235
5299
2676
1928
7547
9728
3528
3143
5715
5743
3594
9303
9373
4860
8472
9295
6843
6659
8971
1761
2588
6999
1057
249
7645
3779
9538
8077
856
1851
5176
5127
3205
5473
265
761
6804
5662
176
466
9515
5047
3907
759
2858
5310
8199
1791
9044
6012
4987
6757
850
1120
3016
452
6223
8409
6694
5995
3165
8918
97
9637
373
3938
8796
5628
7060
624
4577
3248
9474
2504
4321
4762
464
5941
2984
771
9330
6282
1176
3173
9766
9653
6985
323
6959
9074
4014
8867
717
6714
6723
4136
4585
4170
5990
3379
4852
6350
4018
7560
124
165
1210
41
4553
5851
80
6032
389
3678
2728
2039
5346
3055
7949
7271
1249
6065
2443
7140
8745
6517
6904
5902
5124
9452
3659
536
1636
5570
9980
7951
4240
2761
3351
3613
9939
2041
8091
9344
2711
4535
2464
8055
9283
6341
8296
3138
2001
91
6387
5963
3582
1292
64
2254
2222
2834
688
3255
7872
7250
5048
1629
3482
3706
7582
3822
7621
7313
3564
5058
4399
8608
5739
6435
7336
5216
4810
2806
4857
4379
3992
7302
277
5351
919
936
6314
7707
9260
3904
1845
4766
2467
6398
5762
8639
9468
7449
7039
3075
2808
1878
3601
7067
7818
9629
312
767
2943
5352
4162
698
8331
6040
7879
1527
8700
7719
4541
5217
4805
2771
8894
9347
8834
5476
1695
2622
7052
4371
8973
7251
8010
399
2131
2334
183
2832
8203
1420
3088
6244
5447
9733
2320
5506
8443
1780
9158
9207
3748
8046
8267
5410
7674
5986
8817
6033
8679
3917
7299
1709
1678
6978
1097
6890
8998
4050
3988
7156
1828
1673
7224
2498
6291
1926
9786
9132
2137
9678
1867
9421
5026
4835
5434
6689
8811
5518
2113
5348
5411
8242
7493
1775
4863
7609
6400
5451
8451
6251
6342
4437
6571
5876
530
5359
6649
5921
2527
4643
7456
6221
981
6127
4499
5556
6438
6249
3108
9332
319
1478
3394
40
1954
7965
1790
6159
347
5190
1274
5603
2503
8279
4430
7193
4228
6106
9384
4943
295
7028
14
5167
7864
1431
4351
7994
6645
4355
5080
4474
120
939
1787
8930
6366
3646
4449
2421
4290
3230
2842
758
3849
2750
865
9091
6329
4232
4716
5511
3947
2875
3812
9938
134
6767
1125
7277
3455
9715
433
9751
7342
291
3859
5054
6416
645
2365
8820
3639
8779
4358
8133
8846
4929
1276
1436
7718
5982
1480
8255
5744
2193
5345
8216
2865
5213
3323
8613
9401
2180
1095
6540
9776
5178
4107
4257
4459
9237
3890
6064
7782
9953
9223
8385
8953
3060
607
1107
5156
3923
6941
6885
2175
449
4903
520
5709
6035
2934
5254
7239
8318
4256
1692
9129
7147
2025
8735
5377
8429
4306
2124
3089
8147
1134
5018
4101
7469
6551
5820
7529
141
5106
351
2414
1859
8516
7057
5484
4078
6017
3422
5778
6393
9752
427
5515
4844
7770
334
386
626
7078
2591
1094
9224
2792
7635
382
3447
4651
3472
1110
6527
336
4895
6317
4871
6956
7692
9413
6266
4075
9808
4397
642
313
6835
7732
4741
231
1443
7546
172
6330
5436
6899
2204
2730
1081
9803
1969
5534
363
121
9092
5025
2726
926
9912
7121
8551
1670
9848
3477
2968
2359
472
8107
672
8900
680
8120
7885
8784
8463
8960
8098
9667
7116
8603
5983
2976
3885
7834
3017
5040
3478
7391
5007
2569
2702
9072
7177
8723
8720
578
3113
1598
9379
9757
8539
8559
555
3204
7283
1145
6647
8977
4748
3487
7878
4865
42
3516
1506
4504
1642
7537
2114
1722
6462
9003
7153
119
6740
4848
3364
5829
7625
1459
8374
1591
4963
4486
1766
8611
7138
8939
5954
411
5004
4217
2684
1618
9621
9504
3810
2776
3533
615
2376
6041
104
5881
5522
984
4681
9973
9727
6968
5614
5868
1773
248
9199
6082
6509
5524
9997
907
9475
4887
5396
616
9585
5505
8956
6884
8276
3324
2263
6313
7330
5014
2304
8304
3231
4814
4160
3729
2477
2645
2917
560
2434
5155
8666
3234
6562
9583
9685
2837
7024
6391
1841
9383
6816
2386
861
7893
3976
3336
9788
7343
6760
5890
3373
706
9638
1404
2080
9962
2681
7300
3881
5356
7212
6008
4431
1496
1278
7960
9534
4004
634
1040
2782
1161
4916
8823
7309
9062
5083
7615
3648
6579
5583
7945
1270
9005
9231
617
571
9078
2742
7464
4333
6936
7062
8398
9002
4313
8256
9871
2595
3776
8371
9034
7573
2405
3832
3053
4441
3118
6212
3276
3968
5031
7296
7458
5897
7034
4899
7436
276
7095
2606
8151
4129
335
9580
4074
3611
3104
8484
7728
5265
4471
6964
3331
609
904
5005
3316
5493
5698
304
1708
4157
3726
8978
3662
1684
4215
1553
328
9807
2178
7596
2486
7439
1174
5112
5610
4138
4391
7822
5209
2226
9012
92
2170
795
7784
5831
4584
562
3602
8434
7364
8752
4293
9711
4245
4677
3823
3504
5091
1903
1980
585
7072
6320
4843
7035
7442
7373
8643
3225
686
1425
7185
2092
7910
8329
2562
4419
2102
7227
1895
9120
1482
2922
9519
9198
3295
9021
8260
2647
5114
9566
6630
9676
5169
448
3854
9254
3829
8563
780
488
5528
2294
8031
4554
7859
7918
663
9543
586
2644
9741
6771
4137
8783
2672
7425
5911
8509
3206
6160
4286
4130
2337
9186
4778
2940
2757
2466
9253
5840
986
3033
9259
5735
6696
9438
1661
6599
6016
2156
8991
118
8192
3742
5501
6456
6275
6697
8440
5949
5999
4312
258
5085
4573
6692
3402
6027
993
1456
1593
7467
3970
7112
6377
5602
479
4950
2084
8071
3037
3930
1534
4476
5498
6026
6703
599
4747
3632
6980
7554
2040
1511
4719
5409
3813
6508
5255
2762
3286
5398
1974
8468
6187
989
3168
7640
7165
3691
8645
4935
4175
7056
1932
6267
2546
5097
1392
6834
4265
1433
5955
4668
498
5872
4696
1247
1463
3347
1375
5590
4994
6226
51
1952
7577
1834
1122
5903
4395
9520
6718
7480
6823
6707
6686
6708
7855
9706
6048
4620
6746
515
4633
5024
2087
2795
1139
2778
9875
7611
3036
6343
5551
8414
7327
8801
4552
317
7880
8543
5479
6413
5624
3442
9094
5771
7622
2401
7711
2817
675
7229
3208
3900
4125
6563
7228
7897
7492
6635
1380
9920
6394
7322
2925
9178
6741
799
3226
2014
8490
2596
2100
35
456
2540
6409
9929
8104
6693
749
6167
6054
3443
1691
8235
226
5854
7113
812
6480
9921
294
5442
6849
9377
3505
888
8074
8076
8840
8642
3267
7862
572
2848
4166
1826
2962
2685
9642
6576
6590
1764
1838
3708
9551
6680
3405
3676
8015
490
4377
8561
3527
2115
4559
6312
5664
5497
4938
6010
4817
7314
3791
4117
6651
8803
9221
6003
4824
3020
1871
9279
7312
1147
4376
8836
7222
6626
839
3644
9073
3396
3577
2987
8778
1020
1450
2866
5568
3569
5723
1052
150
9126
69
8670
6678
354
5427
6595
581
3924
8979
2582
8790
3656
481
95
3727
6567
4678
8763
4140
4908
5194
9865
6461
4575
9823
9558
3624
5366
6494
5404
4478
7649
194
5385
2038
2783
9844
6529
9467
8075
2429
9202
6688
5108
4272
6519
844
8709
4879
209
1337
94
5796
5449
9140
8798
1310
3122
2332
5565
6034
4682
1152
359
3657
4332
5649
2538
5925
8857
2417
3133
4749
4324
5870
872
7568
5242
2260
4619
6238
191
5230
7652
859
7827
5491
4473
4058
9526
4280
4016
7236
1768
9822
3566
9749
8376
4725
4185
3934
135
522
7531
9312
9709
8628
7431
3217
8078
4855
6568
2310
4564
9838
5075
3762
8705
3214
8515
7860
6780
1602
2406
7394
7816
3880
6390
1929
6971
820
2936
1197
1532
6135
3519
3666
5517
718
3921
6369
541
2238
362
4357
4570
5323
414
9218
1198
5967
5328
195
4103
6427
6733
4691
4595
4341
5758
994
8647
4440
6232
4242
5234
7521
2766
1589
1918
2961
1032
4861
7557
1779
5713
8760
3633
6668
8848
1407
7553
7550
1342
4697
4764
9668
5253
2982
9826
943
5380
1085
7575
3092
3441
2036
9573
2346
5882
3939
7132
5294
8008
5858
2633
4941
2938
3031
3511
605
9249
2027
3750
6383
7235
7995
56
346
4755
9209
5579
6001
5708
1565
829
8348
3304
5730
2194
8855
956
3886
7197
3194
725
2383
7869
2954
1485
8529
1432
3510
8028
6792
7631
9265
3001
629
3
6143
2287
508
6507
646
8379
3220
9859
8477
3843
2560
1823
6196
558
9771
3395
9970
5418
9745
1726
9113
8083
6138
9281
985
1566
9889
2773
1870
5037
4039
5338
8375
7219
298
4234
4492
6025
2277
9514
2362
2835
6789
916
6129
8326
9057
8334
7294
1447
9994
4288
3480
7520
7667
4468
4158
1382
5837
7415
6190
4902
1181
9608
4828
9650
9725
4030
4095
752
1738
413
827
6687
3170
2035
639
6622
3710
2884
6900
3818
6821
8908
9552
4244
9050
6957
8721
2276
6236
1754
5267
6880
2101
2586
7799
360
2587
7660
5342
5748
5437
5703
6753
3851
5392
6679
9660
6617
9338
1289
8325
5543
6222
9329
5151
1105
8604
2045
7644
2713
2805
9089
169
2626
5822
2636
6148
3969
6844
8184
4375
9425
7993
5825
6758
5334
9649
368
9858
8703
6089
8646
7620
1207
4971
6358
4596
6038
5589
1690
1897
8854
7123
62
7689
4517
4531
1148
9840
1595
4689
4368
8871
8537
4680
5937
3464
431
3529
7978
3242
5034
3084
9026
2336
8701
1330
6175
5374
327
3944
948
4167
9581
3809
2150
677
6219
3649
9753
6765
5332
8011
9004
2797
9971
8386
1680
2981
7567
9991
5919
2818
1175
4560
9334
9869
1492
970
7200
8249
1575
8110
7328
969
4621
1229
8081
7868
1555
9979
6987
9525
8880
2420
4143
3410
5480
6192
7407
7572
6695
8782
4571
8522
1912
3517
9846
1033
4199
5038
2508
5238
9171
2243
13
8126
1259
2788
227
5826
9909
7787
7310
5801
5940
632
4945
1173
7753
6261
9967
9167
3415
1884
7262
9942
4516
5494
143
5120
1154
9364
5905
4425
6242
1050
2493
6852
1313
370
3110
4767
5676
1011
8157
5278
7536
1488
2534
3909
3298
2609
9389
2221
9787
9193
1268
8631
8902
668
7883
931
9182
2471
212
3397
8621
7933
7145
7104
7350
7716
6347
5966
3834
6666
5199
4940
8491
8583
2490
6286
4624
9857
5073
9754
9028
2814
5769
3243
3814
5443
7801
3570
6532
7579
5096
8951
3584
7286
5731
8070
2275
6352
9456
1844
5390
2456
5756
8172
7967
821
6378
3189
6876
1674
595
1279
3058
9891
711
1562
2104
4872
7911
1626
7934
4193
9773
6197
7825
9010
300
7430
473
9315
8447
6948
417
1526
6218
5510
3999
1946
6543
3989
2568
4672
4635
238
5288
369
3683
2581
3936
9463
8781
6049
7761
5139
3309
1469
7969
8938
847
9340
6620
2491
7468
1812
1144
1552
8381
5774
909
7803
641
3794
4738
6479
2145
8486
9348
9385
5027
1257
1666
6596
653
2297
2747
6822
3647
3640
7750
1882
9217
9950
6463
2445
857
7606
5548
4262
4276
5635
8214
2974
1835
8115
7966
1988
2710
715
1563
38
5406
2980
3653
591
4589
3314
1622
3716
6228
2412
9210
7517
4829
3341
817
237
7363
5665
2318
6108
5383
6439
5045
3159
7183
4581
1615
8067
3178
126
8262
8196
3743
4781
5727
7253
4989
8140
7830
3026
8877
6287
2497
2166
6088
6380
9107
6838
6967
6935
4892
9035
4151
1523
7101
8903
2502
9349
1623
155
4594
8483
8994
9943
4724
1992
7042
1789
5888
2201
2824
1842
1872
8807
9824
329
113
263
9112
1269
7591
251
2953
8627
7154
1413
6603
9796
4469
2617
1116
1265
9852
3382
7063
4555
6036
6607
3408
9623
1550
7385
5751
2164
9985
4965
5315
6575
6762
1395
1162
6863
2894
7175
4446
5415
892
2136
6669
1464
2592
4637
567
4380
1537
5273
1515
9717
9522
9366
2662
3803
364
1006
4046
4799
3562
4831
4364
5193
9118
8980
6311
4699
7152
1659
6319
9222
3912
9024
2227
3871
6565
4432
9507
222
5200
6788
5072
8058
5804
8423
5516
6530
8881
1732
9148
198
8982
2432
5138
1234
7920
412
8263
3329
5592
6091
2852
8401
6253
2224
960
8156
168
2873
4667
6403
834
6512
754
8250
1769
6578
4274
7763
7541
2521
4059
9048
5553
8064
4598
3608
7414
8054
1949
6862
6925
4761
884
4758
6142
3132
8756
7896
9181
8524
1868
5349
2574
6770
7626
7332
6395
4038
213
2165
4267
8207
2544
6790
2200
905
8336
7641
6136
2483
3164
5320
7416
3902
6922
3953
1840
1475
9509
1798
3224
436
7552
2415
3420
2840
5066
3926
2158
1151
6156
7085
8609
2960
1236
2283
703
1934
4402
7421
4591
4235
236
1062
6761
4846
8822
934
7260
3634
8462
8572
2274
9042
6846
1379
6671
7686
3493
9396
8019
8923
8219
3428
4071
4743
8831
2298
3131
5717
8452
3065
5626
8654
2655
2623
1579
5276
2734
3864
9624
2245
7566
2404
5023
3284
8068
3085
361
1417
733
1700
5720
8753
8073
6203
6982
6727
5578
1470
6083
5632
5809
2138
527
1719
5932
9615
3097
9280
5765
1760
2753
7912
2345
9674
4450
2777
7909
5119
6272
6293
8167
5813
7839
484
5201
6155
3994
3374
7105
257
4141
242
5163
2347
1637
1219
4086
4928
8906
648
7713
8291
6125
8899
4538
3894
5157
9339
4795
8555
8806
6150
9067
4466
2800
748
1124
3865
7902
4467
4645
8122
7252
5747
3223
9115
7384
2898
9066
3221
540
4008
111
3292
3650
4946
5382
559
5487
2718
4853
1109
3136
1438
5718
3972
9681
7014
4159
1035
4281
3144
7598
1140
1967
4869
8718
4809
8406
835
4537
9325
9864
3287
2640
7800
806
7705
813
7230
6685
4983
2863
722
6902
5766
5164
7670
7441
2457
8245
8528
7059
4732
6283
6055
3009
2009
356
7444
5184
7545
7369
3916
1135
862
1340
3612
6487
9729
4081
6402
2126
3883
4350
5304
5
6309
9141
9419
5135
4923
5041
523
6321
5148
7423
3501
6158
9214
8805
764
8677
2270
4135
6556
1320
5195
8714
1150
9619
7564
3777
7351
3740
4518
1240
4966
7477
8661
462
8411
8195
1568
5039
2627
4251
9915
6577
5702
3599
2643
8422
3580
1610
4165
1037
5823
156
4991
1745
889
2991
2293
2068
7311
5572
208
4676
8403
2370
3147
1662
3445
1753
6386
5938
921
2924
6297
1972
7530
7008
3052
160
173
7524
6164
5926
1168
8520
7723
6874
728
1230
7584
7673
4593
7535
8562
4800
5144
6209
2598
1611
2253
7928
787
719
4073
7794
1389
7479
1058
5279
548
5817
7240
8168
6122
5263
6299
1467
8464
2600
229
1172
2634
5121
241
1169
1854
7202
4907
8467
5290
4866
3282
9220
9677
7789
8337
5605
4491
1010
6510
5782
7465
2549
6147
610
6814
161
2205
1514
418
4769
5205
8858
148
2999
1243
6118
5555
1458
4405
7990
7281
5910
7306
5544
1888
2004
9505
3035
2998
9647
3312
9582
2839
9160
7939
3023
5088
5722
1607
9336
7399
8123
7176
9408
4611
3531
4515
6436
6523
9444
1273
3244
7940
5089
6216
5512
3673
1559
1876
1632
343
6839
9397
6715
1272
724
8128
2402
928
7111
3744
3788
3048
6864
875
8614
2904
2343
4352
6751
4736
5001
5322
7408
3161
6907
47
4808
157
206
4263
7437
3713
5845
4044
4694
7376
5725
9117
2877
2098
6152
4065
2993
4944
1679
6634
4051
1936
8200
5716
6934
9955
4708
3675
5947
5850
7079
4774
8964
6092
5615
5503
2360
5318
6006
3801
2312
4200
5946
9013
4197
2707
9358
5659
9479
4205
7418
8328
3574
6606
2811
4409
6736
8442
5448
6781
4549
7590
7947
3819
288
3789
2133
465
1309
1090
1103
3134
1948
2905
2351
751
1076
1004
2885
1994
2078
3044
9179
9609
7826
656
9814
5601
4675
855
6921
3857
9100
5861
7438
430
1048
1001
5582
8444
9966
5360
5113
475
4607
8051
4067
2258
6611
54
8319
6721
406
7355
1730
6783
2183
5297
8691
7664
573
4085
577
603
9928
6328
9659
6601
554
6806
9783
7504
9860
7360
2996
9061
5060
4961
4545
9630
8037
9670
5425
9015
674
8446
8087
4389
1889
3150
4462
6648
3588
5350
3251
4298
2326
6220
3704
2948
6498
1028
4387
9963
5032
7488
9440
1608
899
24
446
2005
5541
3774
5650
1065
4695
6389
5302
4168
7326
3273
3332
6573
4934
3380
7476
2554
5976
3922
9154
2480
1102
5981
1635
7473
8312
39
1364
7247
3172
4041
2225
9104
6384
3820
5942
7013
2325
4562
6202
3264
374
4876
6170
1616
9187
8144
9499
7009
2691
7470
2034
2358
7771
9812
2463
1973
1961
4268
5913
4366
8062
9644
7570
7196
7561
2265
1101
9458
381
5464
2161
4195
8931
3990
8853
8986
3758
6798
6215
3735
7964
3021
387
8287
2296
1179
8332
660
8363
7514
7768
1740
2046
640
8108
3018
349
2548
658
3910
9495
2476
6210
3665
4115
8835
3258
3014
1111
491
1254
9995
7295
791
1303
2338
4978
5668
1080
4773
5550
8793
5271
6711
7709
2531
4121
2573
6794
766
513
2978
8976
1051
4214
3412
6581
3190
7647
1504
3299
4506
9693
4854
1393
3077
8335
8369
2211
9045
5094
1205
7427
3958
5237
8800
4878
9
342
7317
77
2799
7486
5056
4714
9605
6837
9060
7069
8159
7173
5416
1166
3028
3174
8099
8272
917
7128
8695
1143
1155
9804
816
3079
5692
3346
4529
9257
8989
27
5807
2514
789
3764
220
3212
261
6979
7881
7187
570
8696
9634
6796
4874
8549
4690
7241
7586
8413
9480
5639
9322
5291
650
3398
6084
5355
6422
3668
2941
1783
2387
979
4054
1228
5122
6597
7983
2242
524
940
1571
2516
1879
5608
3525
2975
9009
9400
2127
2897
1385
2091
3606
910
6534
4169
6945
7077
5341
2831
6873
8658
8794
8901
4400
5970
1985
5644
4270
2279
1041
5816
9194
2524
5540
3838
1858
5846
9116
2427
6842
6087
6056
7232
1729
6824
1956
2391
8527
6457
3180
3310
6241
7357
2182
3609
6078
8289
1343
1439
5010
1477
1047
6112
1034
5008
9484
2763
9885
8612
3362
9898
9666
8299
2300
9829
9036
1083
9557
1902
398
2923
6610
7447
4311
9559
3024
6139
7041
5928
7304
6206
785
1905
8233
5408
9778
7099
5331
8716
4415
7377
8314
59
8205
1979
4356
6807
2889
4052
5567
5154
8466
3236
7246
9240
5532
5781
7000
8706
4412
3296
1193
9845
7362
1685
443
8202
1315
772
8154
763
6123
6364
9679
4455
2557
5172
9894
1665
7814
8187
3811
299
7913
9708
1848
2268
9564
2686
4826
5821
9927
6051
1435
1731
1324
3004
6042
935
1801
1771
6869
2218
3747
7265
679
7894
4920
9386
1687
9294
7604
4070
98
4606
8970
6337
2523
4452
7815
4566
7760
3100
4845
1192
5513
5841
5849
3293
2929
7614
9987
3687
6194
1594
4128
6307
3828
434
6163
5430
5943
3607
561
2724
9748
1346
7390
2159
66
2919
9372
3893
6130
9211
7044
9331
6633
8465
7757
7040
6918
7724
757
2439
2679
8277
7587
9337
5042
4924
6365
6775
7526
3629
9820
2308
8741
5573
8261
7019
6557
1907
1031
123
990
9607
2571
3111
1426
2912
933
8280
8333
6662
2979
2072
2181
8633
8041
87
4794
8652
3377
7298
9083
9856
5838
8564
8759
4850
2210
2859
5874
1735
2440
1759
4999
8056
3409
4223
7268
4982
4969
9103
3553
383
1468
7110
5761
419
7884
1556
7675
1316
8478
753
1195
4461
8916
7273
5811
2424
1370
4363
6182
932
6589
3289
9933
1138
2409
9554
2327
5627
3872
9949
4701
6911
5046
6121
2094
9443
526
3786
3964
1002
3925
2822
1277
6497
3311
4638
1601
7475
768
3337
3303
3690
8130
1248
6095
5420
852
7522
7054
3102
5306
7029
7255
3760
808
7634
6009
2437
5696
1694
4720
2397
2209
5181
8736
348
4735
6382
7866
3188
6944
8246
6476
6133
8018
2667
2879
701
2023
332
3466
942
1733
8327
1039
3431
7352
9946
5272
4326
5391
8225
2400
8969
7508
9855
9448
9203
269
4173
6875
9469
6774
3308
9975
4650
644
9922
5079
1585
5074
5462
7752
5500
5162
9291
9622
5414
1982
6077
4640
5979
9746
1398
1304
8274
7141
8367
6103
1874
9429
5920
7033
7066
5223
3571
6916
365
5631
8243
84
4592
8547
444
1250
7160
1023
3635
5379
8841
2048
1341
204
3619
3320
1819
3354
9664
1019
3503
6116
1201
5030
435
2289
255
7366
7595
8866
4006
1818
6586
7045
7261
9960
4429
5361
7710
3370
633
1540
2357
944
3723
5029
6501
30
2629
8307
5158
3115
2058
6166
705
2563
5616
44
5300
6468
1216
2590
9731
8629
4813
1465
5808
8872
2142
1541
2506
922
5330
9176
5670
3171
2575
2593
7742
4756
1208
7992
4249
9247
1558
8943
5444
21
8045
6841
1132
4147
995
4839
7282
5693
9866
7824
3869
7648
6896
3029
1762
2748
5308
4727
9683
4279
2828
2535
9682
881
4393
3485
1225
8492
6677
2482
3087
1223
2756
8847
500
510
7926
37
8959
3956
7874
5655
7958
6401
2977
7854
5671
9595
1452
7759
9818
845
697
396
9791
1887
9018
3540
5950
5690
9584
5884
3488
8177
2539
1758
3563
7509
1118
8124
1827
8799
7074
8240
8269
9611
7533
6955
5686
819
4587
4369
7025
1239
8288
8163
2088
1570
3227
9311
7117
2168
9700
3051
99
2610
4448
7979
8685
2530
9076
8146
1676
235
1252
4742
1885
8587
3400
4705
8928
8681
9065
792
8138
5450
4782
3167
8131
1441
7220
774
6406
8662
100
3078
2895
2106
3652
2642
7264
8113
5539
1388
6521
2666
1227
4164
7856
1822
5198
8542
6887
388
5645
2363
3754
7892
7234
4367
7337
2231
2449
3692
6316
5143
9037
7434
2733
53
828
5726
1528
6801
9983
8638
6031
4465
7738
7144
4338
2678
1710
4019
3860
3285
2452
8393
695
805
5760
4750
6958
7853
4182
9948
3985
9546
5211
4949
903
7106
1241
4043
4410
4509
9895
5962
8407
9763
1792
2413
1275
5914
7871
9306
4318
5798
6920
9405
9399
9643
2970
4315
7401
1308
2775
1639
8053
7775
9030
3578
102
7269
4744
3475
7733
6452
6161
7685
7891
9603
4212
3302
9663
1049
8777
1817
4098
2006
4627
2425
743
7129
8353
5526
8461
5340
6769
5658
2262
2512
7861
1544
7772
5482
5469
5363
397
9410
6119
3254
5922
1984
5107
7453
8292
3003
9461
2196
3246
1600
139
3200
5123
3187
8471
1305
5490
8341
2990
8878
3783
659
8030
6932
7863
7048
6851
8298
9435
6029
1013
3086
5530
4674
9545
3991
5883
2090
2492
4207
2899
5260
6195
6965
9486
7263
6332
1862
667
9656
3157
786
1644
9636
9485
776
1990
1799
316
5228
9651
7617
8165
580
6126
8511
4964
5036
7278
5353
7527
608
9080
2207
4181
2462
2389
6370
5082
4176
3121
380
4654
5109
9177
5918
6301
4027
7556
67
1531
3787
9183
3059
5489
5508
3451
2148
8963
4221
7321
3696
3721
9387
6052
9737
7210
7490
5319
9964
9196
1409
6373
7650
2501
9506
372
3576
4383
2896
391
2791
5647
2697
7959
4975
2542
72
3175
9750
10000
9451
1584
6615
1428
9990
4347
7125
145
1476
3066
5118
7985
45
1861
9180
287
4785
3840
1056
3257
4597
3313
8206
878
4723
1981
8839
4127
174
73
5465
6043
3686
8852
4665
8710
1797
4083
1716
7237
9449
1283
4131
6791
8125
4337
9613
3499
7666
7004
1742
9887
9907
4238
320
1914
8825
3358
3083
8012
4926
2089
8965
7808
5368
9774
8920
57
2095
9403
6800
1445
1498
1312
9780
9111
671
8321
3333
5931
3509
1238
4849
7712
1215
311
5721
1800
6547
2085
5336
7597
5896
6728
5705
3072
8640
4392
2807
8412
4108
9293
6486
3458
9382
6308
3371
1963
6185
6399
4780
3387
9694
9696
2305
2118
8135
2653
408
5611
7619
9246
4704
4342
8197
9811
2152
6891
4864
1686
7848
7887
293
3586
9952
5388
400
2952
4411
702
7133
6889
1260
8404
3319
358
9876
3790
2202
3098
9579
4753
5428
6866
2804
8186
7792
1802
4613
3041
4109
6592
5495
2473
7694
4757
8950
4890
9620
3514
9489
3661
1941
4227
8838
3642
3495
958
2959
1930
9370
4114
941
7402
6524
499
5270
8711
7162
2335
4745
8596
2000
2911
6608
5284
3873
8610
9593
8698
132
3272
8042
9127
5236
8707
228
4417
1200
8584
3541
2017
9230
2918
3784
4600
3751
9512
3741
4096
6007
1923
4649
8882
3628
9916
7501
4888
2199
7205
4294
4970
5933
8190
4493
4896
3623
1796
1217
5535
9391
915
584
614
272
4025
2660
6097
1430
7700
3593
6005
5973
622
8380
3940
4821
2064
7107
36
7810
5754
4523
7616
2055
3641
4687
8025
2169
7353
2635
4833
9553
3532
630
1538
4480
1323
694
5815
190
3799
4922
4475
2179
2144
7540
127
6905
590
1931
447
3005
9079
8530
1063
7303
9367
5824
3437
843
5869
5149
8785
9910
2057
7569
1074
8084
3500
1865
8574
2850
5591
3722
1960
8356
3863
1837
5212
5862
7987
882
7120
9982
9032
8575
3149
6004
485
9321
7924
4216
967
3631
6140
6643
7592
811
9556
5179
7603
3804
8506
3621
5062
3897
2215
3185
3771
6927
5438
5993
7171
5275
8591
6407
9532
3879
4958
3745
1649
4574
1749
1697
8885
203
618
1237
5520
3756
7632
4327
9496
2844
1728
5773
9510
1500
3277
379
1077
46
5935
403
6947
8717
1281
8738
1129
7460
4702
5699
7287
8496
4536
6349
5546
9797
4354
7084
1363
1530
8170
4194
3986
7627
3109
8576
7730
2307
8382
2932
7886
7813
5168
2518
6726
4250
6474
5780
9934
3868
7842
7888
3279
7208
8600
4644
4062
9131
7329
5523
9007
4630
3348
6454
4514
9436
8968
310
8818
5964
2625
3796
9618
3392
8100
3674
5948
3032
8651
544
9657
9169
2388
7766
4588
8347
6574
8116
6437
6181
7297
2444
9200
2461
314
8189
7695
6061
8
5017
2244
9781
8791
7411
4932
6719
9761
3490
2876
2367
9931
8724
9446
664
254
9690
5977
2122
6405
6339
4765
9256
2721
2259
3949
628
8808
6752
8634
4435
9392
507
5197
2190
9130
5277
4882
2810
6656
5219
4186
5189
2735
7482
6262
3876
7580
7610
7904
7982
8941
716
3124
9779
7190
350
8664
2845
8754
4772
3561
9604
8966
6598
8873
6482
3536
1634
3913
1756
3781
4283
957
8092
8438
8730
6528
2985
9497
5757
2286
6270
7370
4009
8772
831
6644
179
2709
1344
6475
5507
6258
5978
7429
6813
3982
3056
8630
4278
8394
3725
5452
727
9228
9233
2743
5542
454
8060
1339
4284
5909
6455
8365
9819
5779
9937
4023
4972
9465
493
784
7403
5577
6520
1770
1196
7600
9185
5311
1978
3068
3763
178
564
846
8605
3682
9981
4080
103
1794
7023
4534
4134
8567
9137
4851
9156
5251
9806
7720
3556
3544
3245
1614
6552
5764
5784
1617
4629
5736
9353
5596
8704
8000
3506
9984
4632
6870
1675
6079
1677
2661
4664
3305
5609
6704
2333
9610
4726
9590
3733
699
3654
8106
890
2408
690
8747
1839
3432
9290
7903
6433
9600
3146
7676
1328
8922
1857
1112
4113
5786
3039
8863
6954
9877
3127
2602
6450
9029
1211
3160
2849
2854
8169
6763
11
5974
2908
898
636
7998
3677
8884
5202
9692
5901
6745
6640
185
7605
6657
1829
1400
82
1232
9375
851
5049
6418
8995
6246
1444
1455
7502
1462
1554
1502
2173
6281
1938
6930
9521
5423
1131
9238
9977
5068
7953
9704
9464
415
153
6720
8057
1108
6374
6151
1877
6848
8035
7245
4082
8983
2390
207
1651
9550
3773
6658
5763
7114
5749
7285
2997
3714
3327
3974
5843
6940
1288
5746
7049
6855
461
492
4919
5248
6782
1261
9022
1326
8641
5672
8351
1356
9123
8665
7088
422
593
6942
9768
5317
2021
5076
8301
8021
3966
9671
2212
7984
9872
9833
8886
4507
4936
281
7393
4152
9626
7785
3537
1957
3808
5258
6379
3274
3444
583
6795
3162
5090
3071
3435
8767
836
6737
2052
6191
8897
112
7244
9420
2739
2821
9956
8220
8048
7457
4721
745
7936
1406
2511
7663
146
9561
9719
5313
8480
9689
352
4120
2725
3468
4456
6024
9058
6063
5043
4990
7919
107
4032
2355
5641
9888
9434
2059
7422
1479
8400
5081
6225
2779
4759
2394
3587
8460
4211
6500
7690
455
1366
76
9308
551
982
1158
3119
3350
5504
4370
9369
553
4210
7786
1182
840
9732
1381
7532
2330
4390
5013
5429
9769
8392
8571
8757
1577
8065
929
186
2076
7272
5337
337
3476
4898
8845
3959
7494
8819
7996
26
7798
9252
2220
5952
604
3724
9576
4406
3291
2853
7779
3237
1079
7015
2857
2517
3457
239
7495
9205
2830
2213
9411
1099
9905
1625
4550
8114
2701
2841
9342
885
8503
3345
9268
1044
3663
7217
613
966
2935
306
6348
2871
8310
83
5622
7098
3948
5180
5864
8061
133
6594
5419
1813
6022
4893
390
4939
7445
5853
5292
4289
8323
8005
2887
8435
7158
4305
4365
9500
582
2856
652
5833
3210
9351
3101
5481
1509
7395
3998
1453
2008
1483
1300
9968
5461
3433
6019
7796
6066
3858
8139
4804
7404
4100
8026
4698
2867
8789
5203
8684
147
5022
2759
4407
1170
268
3700
4088
3978
8094
394
911
6514
6516
1747
2488
8514
7773
1280
2472
5247
3848
5006
8523
3181
6107
3581
9146
9292
7094
8544
2313
1900
2198
906
8957
8682
3054
445
4948
1231
4891
6093
1027
282
3585
8282
3201
9951
7927
1750
8238
6675
2018
7741
1460
2489
2494
260
4547
2117
2751
6777
2281
2369
5677
1423
7242
8086
2331
247
2123
9134
4977
5208
9831
2699
5086
2665
6730
8017
6478
2233
9976
3386
3232
4149
6569
8961
4346
6363
1638
2430
4618
7382
1909
8230
7691
5640
6938
6193
1068
3247
4087
271
4378
7551
7206
9313
3426
420
9278
9195
511
5891
6030
9533
4146
6943
1354
1545
2475
6488
9244
2525
7358
9861
4174
5835
4314
2342
5312
8182
19
7751
4942
1386
9598
2715
3218
8804
5077
9491
5439
7877
8456
6738
5373
3463
1720
3856
8088
3233
3831
9628
623
8626
4909
4414
9204
6642
5867
3040
6646
3604
240
3919
1663
3523
1390
7016
8962
2291
8453
9105
9688
5375
7793
4976
1873
6431
2515
3385
3746
7875
1008
2755
8725
7638
5712
8594
2809
6371
2043
7381
5945
3625
7946
1294
747
952
1146
4150
6356
1517
9594
3545
5433
964
9054
4444
3826
3739
569
3952
5844
177
760
8038
1501
1396
9051
7149
1701
1422
1256
2716
5836
6073
9596
5554
3425
9648
7542
7968
182
9025
9299
9395
9297
7565
8430
3270
3795
6974
1141
5687
18
5261
2381
9070
6298
7668
2541
3844
4209
589
6555
1440
6237
2352
8264
6638
6550
3899
4063
7301
1734
9870
9614
3572
4340
5879
6464
5604
2618
7378
3091
6302
5630
5206
1457
8826
5173
175
1362
825
4544
1024
8541
280
790
4500
3651
5466
678
9744
6915
1461
4715
6654
5153
2682
2669
355
9164
2683
5243
1793
6062
8934
4533
5262
2825
3920
3222
4248
7628
3315
2013
8732
954
6892
874
2079
7417
7233
2944
6100
5117
7613
2543
3123
1191
8149
853
3797
5364
9531
3196
3845
1583
8993
8383
7455
7485
5613
1647
5130
1612
7870
3737
9166
4578
3209
9935
9155
8454
2042
5224
9011
8859
1014
9241
7755
657
4061
3887
3450
1184
9873
2236
3638
5597
8316
4569
1043
6234
3701
1852
6134
5274
7574
1901
1656
9527
7331
7937
7392
1714
5785
4433
4955
8861
6315
7243
5992
2616
7001
1891
4246
8118
8879
5232
5669
2403
2612
7835
6231
3339
4020
6331
9335
6098
1705
1245
8972
9612
1003
7471
8774
4413
1029
7172
2354
6493
5384
3335
1242
3755
3596
9415
9957
5547
953
48
2995
253
912
1755
1036
7420
1221
9883
9216
4582
1072
6628
9071
1415
4792
1953
920
7406
4261
9477
794
1821
7646
2507
1005
8136
4614
3191
9570
6828
5800
8580
3081
2510
8271
977
9714
1218
1087
5187
6023
9356
5788
7962
4604
8927
4707
598
1866
6205
7727
3575
2942
1266
897
6284
3749
7578
3471
8589
9093
4996
8581
4739
9836
3551
2380
9568
7410
5403
5856
9232
8426
1142
6836
2093
3135
8050
7380
7563
8536
9251
3414
8548
3855
930
7955
3281
3712
9492
5389
8588
3213
8415
1808
8519
2900
6906
9075
114
2469
4177
3197
4777
4904
4776
9684
6548
4628
4886
3193
980
5957
925
7386
4933
3070
3929
6495
9189
3550
4303
2955
4542
8145
68
6525
8482
6951
8990
8673
5003
8040
8780
2746
8101
1606
7319
8354
8592
1106
4617
894
4287
6075
5185
2292
421
5303
7270
7717
2074
3407
6602
3775
2396
8160
1115
2704
4960
3280
3125
4385
8370
6278
3365
6290
2160
1412
8944
8320
3252
4072
101
2280
7754
9039
5372
5818
7867
2378
5908
6564
7334
9508
5711
1318
2558
3592
4105
9760
3554
1352
5842
6625
783
7211
6636
7916
9274
7722
5768
2914
9133
1378
592
8921
9082
8499
4906
1510
8787
8082
1976
6445
9790
968
3015
6335
3349
495
7715
8360
3367
4733
3045
7795
8090
9090
5653
563
1353
2536
6180
8002
2455
2240
2965
6832
1093
376
407
180
8615
7174
6466
3717
3192
2754
3306
8399
4386
7525
5775
3882
8150
3129
9602
4986
5675
3927
3954
8346
1167
1293
7539
9827
5171
2812
8032
7898
6117
1689
2790
7036
3062
290
6506
2526
8022
1253
5233
309
1448
7852
9880
5812
9276
8252
8228
5305
7518
1358
7699
7823
1317
3518
2163
3151
2250
2447
3179
3681
2217
7865
8874
2599
3103
4148
5930
5907
6306
2920
259
223
5256
8967
512
5701
7361
4299
7412
1820
8066
6120
8378
1473
7630
2157
200
7651
6989
1737
3368
9341
5562
5814
4873
2802
3903
275
2321
2067
7696
6469
2416
3815
549
3515
4532
7680
2002
2567
712
4583
6650
8001
8769
6276
232
1387
7769
3417
7849
6805
2630
474
2303
735
4285
9162
9494
9947
7748
9511
5667
5956
8917
4957
6104
61
9713
7188
1446
1782
3483
4653
4000
9992
7288
4763
4558
8209
5098
4889
7292
3583
5620
4309
7387
5412
2631
7507
4291
6277
2392
1904
4495
2495
509
7812
1832
9135
3891
7259
6684
4634
4434
9639
8687
6810
8619
154
3825
6227
7500
2744
9172
5453
6037
5724
3941
1920
8212
6619
976
7452
8027
5961
5951
4688
4319
7195
6582
1497
8518
8016
8390
1180
2690
6784
9101
5033
814
7907
1567
4110
234
945
1282
9437
9782
9705
8708
8455
3707
4740
1786
9350
1314
775
8358
4521
8322
3321
8948
826
987
1655
1975
676
5679
5402
8802
4652
9730
5339
4663
321
375
8457
7096
2011
5600
6865
7851
8601
7708
4830
9652
4503
6952
4202
1657
2282
5643
6485
6443
6503
4511
2951
4662
7075
6756
4530
9884
737
3344
7549
1160
9680
1795
866
7038
2717
402
4266
7889
545
8984
2789
9800
4427
4988
9462
3778
8023
7925
1983
2720
8508
4329
3960
6691
5071
2608
4403
1466
2651
9161
2375
5424
1518
726
647
6735
7950
8915
5115
4139
8080
303
17
2882
4042
8285
8036
8911
3322
4282
8024
1258
3228
7180
3603
4398
6910
4463
1947
8433
2208
2382
2129
137
9755
5078
3497
1603
3766
4768
1302
2738
3770
662
423
2470
3376
9453
3261
1751
5147
6830
5111
9540
7092
2460
6224
2007
7780
3271
2309
5244
129
4787
5371
6149
6408
1924
3800
531
7890
6367
2065
8395
7943
1418
5140
1383
2110
9770
1619
9394
7354
1942
3792
4974
7134
4561
3137
440
7459
6818
2290
426
1962
438
2946
4729
5887
1599
2128
9517
3817
3383
4068
181
9658
1776
2693
2677
809
1202
9759
7681
5741
6484
3802
5878
7581
5470
7999
8573
8236
8194
325
8338
1512
9555
5585
3359
9319
3695
5707
9993
5557
3235
6189
3154
9716
4374
8585
5100
3000
6208
7267
5827
1993
6165
8792
2096
8649
3672
3002
7126
2442
5146
2154
3492
1971
5020
5460
344
4870
7284
2823
1199
576
6273
6169
4426
470
5142
7873
2141
6674
4255
5559
424
451
439
7496
6200
4897
8481
8764
6199
6303
8692
9412
5362
3535
1653
6020
9016
7643
7433
2613
5674
3389
643
7325
4172
9698
192
7100
8364
3669
6561
734
2843
8357
4816
9236
5819
4752
2861
28
5052
7124
3895
1668
4798
4056
689
2422
96
159
1547
4670
2816
6901
3145
7783
5229
2553
138
4610
1156
1246
2639
7064
8525
7997
5344
8751
9530
1712
9300
9163
9125
3636
9959
9524
1018
6018
864
5055
3128
7483
5407
6157
7293
3524
9393
8775
9735
5215
1763
6015
8239
6204
516
8637
9052
283
9059
8762
7922
9190
1921
4783
1539
913
5110
4236
2454
75
2601
7359
9019
6549
2820
5934
2086
7397
4156
6857
7307
210
5324
429
1784
597
2428
5852
902
5069
8191
8907
1442
5732
6604
2950
4336
7203
2185
9837
8489
7510
3655
3153
2438
5246
6929
2652
3216
1454
7155
7340
286
5012
89
7073
326
9439
8148
5210
1788
1650
8653
708
3278
2576
9472
8686
5296
7338
4361
2670
8311
2237
1408
3905
2398
8733
6115
5791
7658
6913
8254
8656
1449
1669
2663
6845
635
2364
7639
2819
9842
9879
4017
1521
279
1707
6914
8875
1959
7127
7599
7276
4297
8109
2426
9954
2815
3560
2966
7051
4718
2803
338
5357
6627
3772
5064
8947
1995
9672
7797
3403
2533
8069
1403
3300
4526
1165
5435
5000
4580
8396
3006
7828
3183
9267
525
5660
1042
8244
3107
9287
6274
86
9106
7523
6415
7371
4505
4196
3827
7602
4010
4092
3263
9234
5133
9775
5249
2379
7807
5225
972
2252
3614
8153
188
4097
8512
5865
4089
4226
8659
9355
823
3353
3955
1970
7915
4323
2881
93
5378
8308
7080
8049
2459
6895
5989
8553
3805
8103
9085
575
6068
2020
4028
2688
2147
2339
6613
796
2441
6271
992
128
8843
9892
6986
8749
3732
6442
7341
3731
3534
1073
5673
8368
3207
6434
3622
2648
1194
8003
3461
7365
4751
5286
9815
7506
5793
404
1410
8942
197
8127
788
3007
3877
3334
3718
9354
803
245
4557
4788
7118
6254
8251
9529
5953
4951
6060
4793
6327
6872
8268
5776
7005
483
2949
9792
2246
31
1757
8391
9777
2384
3605
6539
4602
5646
1374
3667
6632
8253
2689
6698
742
1671
7624
9014
822
2555
8215
8014
3241
9201
6146
3117
4112
2111
8810
476
1233
4198
9245
4066
9466
8616
9184
250
9368
3597
1913
7450
1660
12
2174
8688
535
3850
7857
3421
8761
9219
6069
7921
6750
5586
5183
7930
1164
7767
4806
5968
9248
6235
1333
2317
9390
5468
8295
5174
506
7618
5695
1781
9006
5126
79
9742
5719
4304
2826
2010
6447
217
5335
7914
8887
5612
4548
5170
4123
9646
3906
528
8171
923
2203
2986
9049
3579
4568
5087
2564
5134
6264
6868
6174
6096
9258
7687
2522
8669
3099
339
5898
5549
8849
4754
4464
7954
6793
6653
2890
3169
6094
6616
6537
5044
7017
4565
3530
1262
1811
9691
7820
4490
5688
5629
4962
211
9043
3549
3177
4954
9591
7462
3839
4320
3806
9212
8290
274
6131
2901
1951
1699
3734
4586
7137
81
9675
736
7053
700
8663
8540
9863
1437
4024
1338
556
9562
5633
798
1285
5347
6412
3862
6259
8300
6742
2479
2109
4918
3288
5370
8933
6670
2372
6179
1886
5545
9720
8488
5958
6997
8505
307
6057
2801
2496
3366
2407
9606
5220
5706
793
7083
9159
612
534
9457
1203
2870
9343
777
4797
2256
3401
2785
2838
8569
9470
6310
901
1391
2862
8006
4915
7737
2656
230
8424
2794
7103
4307
8162
7003
3215
8699
5885
7981
4013
6448
5175
2706
5710
9805
1153
7157
1113
8655
5280
4973
8833
262
6976
7146
4539
6354
1549
9416
428
9433
9893
8565
596
5960
74
9528
8758
9275
5354
7345
5204
6681
7931
4225
4498
5035
9008
6847
7562
2083
3106
2927
85
1846
3573
5987
4178
4269
1361
1715
6229
4422
6011
1682
1630
8063
5422
959
3158
7119
6992
3830
2628
2003
6725
3979
4481
296
6411
6285
8450
6047
5472
357
8940
2714
2481
1939
3664
6877
9139
8340
3610
8952
1966
6114
4791
5092
8143
9144
631
6346
2234
6086
5283
2071
9839
5141
5417
8210
9817
996
9798
7774
1752
6660
2624
8013
955
2827
1683
1405
1772
8093
8744
5830
8355
4316
4551
7721
4979
6631
8185
2284
3508
5975
4339
1178
8441
2228
9442
4060
7249
3888
9789
4048
1096
6710
1212
2619
4330
6995
7022
2139
2611
4840
9208
9625
3202
5654
4859
8305
5527
1098
4230
2712
5050
5397
781
4823
4811
5929
3283
666
4921
4277
1664
6817
9398
2708
5689
1017
6748
8417
5326
9250
6962
7122
4119
6505
2216
4912
3266
4047
9740
8693
9225
5618
6325
5231
6665
2099
164
2189
9381
5150
7170
315
8313
6124
9687
2328
5105
1508
1998
4241
2248
2872
385
3268
8936
7136
9986
5770
8134
2528
1355
5857
8317
8598
2615
9535
7623
3765
1332
7908
2988
8389
6154
3557
8266
8227
3590
7316
1667
8742
8517
2350
6572
8606
4658
8052
5458
2969
2784
5009
3874
9654
52
5441
2016
9560
1721
2736
3008
2029
6652
1007
7659
292
7781
2964
2134
3853
9168
5394
8650
5166
7963
6812
4388
6713
755
9027
4301
2585
8377
6909
5369
6381
4436
4784
7223
3427
5680
8339
7653
729
458
2446
2031
9890
5477
7677
1359
3513
5682
1025
140
543
9686
4771
6811
6414
2926
9978
5581
7900
6531
7513
4331
655
4786
6344
8560
8727
5607
9255
9173
4642
324
9040
8830
3489
