966
2967
983
1793
1104
2692
2474
820
876
351
2577
2000
713
1189
468
2859
234
1744
203
1240
2201
2076
623
205
2520
1991
1824
1343
2483
2204
2745
70
2455
1133
1789
2667
2017
1459
455
2413
1633
520
2244
2596
812
2303
918
1522
750
773
486
1106
431
2856
1223
707
1648
1800
2437
143
1740
938
1865
493
1825
1310
899
1387
871
866
421
1038
795
742
1562
1014
1156
2572
52
612
704
960
1499
625
2231
884
1451
109
1325
528
2846
2448
1720
886
538
2047
356
1232
1010
270
2830
2795
1391
2177
1013
2070
4
1350
2627
1070
1180
1719
823
2777
2472
1792
1535
2203
166
805
2833
263
382
2565
956
745
304
1295
1365
452
808
2384
2729
2915
641
2487
1818
2514
2380
2068
2932
1964
624
1561
1806
717
1168
652
813
1976
293
1706
2595
1173
953
2738
370
1654
2269
1471
2802
1624
1662
800
1961
1262
764
1862
175
1317
1713
1972
1751
1745
1427
47
1637
260
1203
1417
1980
1032
648
1271
541
2067
2240
1631
561
659
627
692
183
2620
8
932
937
2065
1000
1708
875
453
251
521
385
926
118
1504
796
694
2554
2902
112
295
287
2430
843
1397
253
1369
1941
1536
2059
834
2366
465
1973
2305
2527
2863
1969
2354
981
2658
2657
267
441
1171
2560
2158
2421
1895
514
1174
2914
2140
1731
2701
1320
1134
1077
638
1263
2352
2704
1292
1399
519
1436
2425
534
622
2882
1618
1595
1548
2543
1250
2209
298
1774
2537
334
558
2894
2454
2989
2717
1684
3
217
504
2272
491
2128
1523
1119
2239
266
450
291
559
801
2675
2603
1796
252
1909
851
2904
1819
2665
847
2199
2359
1721
891
1231
1446
2694
1928
2668
1400
1861
682
685
477
58
2936
374
311
1538
1323
2376
224
1798
2649
2897
2601
2326
1163
2077
377
2771
2624
1493
332
2191
75
2691
2365
2594
736
2773
2443
1242
2063
2606
1604
1860
2228
2768
19
974
2523
951
1283
760
1056
2370
2831
2687
1527
2118
1931
1532
2173
554
1911
2424
272
515
1514
947
536
832
194
229
1080
1152
30
201
2593
2095
36
1460
1259
979
1481
106
873
261
226
2181
2628
870
850
2306
896
502
1943
1237
2891
2939
1696
2575
2774
1539
147
2750
798
1330
313
2946
1433
946
1450
1699
145
1594
480
857
1474
1739
522
390
814
2512
2190
2252
2385
2578
2144
2215
2749
904
2410
609
2906
369
2312
582
78
1107
457
1652
1326
724
1894
1408
635
14
1661
352
2288
1923
2726
703
592
2769
696
2447
1055
328
2505
2202
2735
1919
1933
409
699
769
1797
1897
2542
1730
646
1424
908
1883
1113
2147
2997
1487
11
62
529
1704
333
1063
2940
100
889
1342
2441
1587
1888
1019
1198
264
2930
2307
1160
1101
1733
2535
546
2127
2284
1580
1021
1037
1974
2489
2660
111
1722
136
1036
2517
2471
1463
1921
1811
1629
531
1349
867
757
2996
1763
1061
919
10
1728
872
437
2344
1505
2014
643
1454
1382
243
1128
490
2754
1592
40
2409
2638
2756
2880
1756
2033
2919
679
2496
1737
2360
2742
1064
2589
2153
1935
2171
2772
429
1389
160
2963
1678
604
16
2839
2382
1068
2282
2716
1265
2205
2116
1827
1065
681
1344
2291
2223
2096
1552
883
601
1398
1831
2099
2583
2737
2869
2730
1583
1256
955
1718
127
1115
1415
2398
1165
103
189
1442
235
2389
2529
445
2432
661
1182
309
212
149
2966
335
301
1581
1034
2085
2634
2415
2149
1626
2798
1215
1483
31
2324
756
874
1204
1905
331
2084
1300
2013
992
277
811
2210
501
2007
447
1910
564
1570
84
122
2238
868
1850
1181
1217
2693
1795
1568
2576
2786
248
2699
2753
1647
642
2815
711
343
1284
2655
1665
2758
680
2211
440
1903
237
1640
1144
2008
312
475
510
2383
962
1975
2832
882
1510
412
2502
1274
1126
257
920
1513
294
2321
788
1227
506
340
2089
1190
2072
2949
663
831
2122
715
2643
731
140
2617
231
2261
1117
443
391
2899
2479
2381
380
2138
2071
2186
218
2917
1073
2427
728
485
181
96
565
2082
220
188
53
1315
2131
1925
1225
544
1628
1305
1698
1112
2873
748
2197
969
777
318
1169
774
1735
2501
721
120
2929
567
2630
1939
2587
1967
2861
1601
169
93
1118
2264
1703
2233
1046
362
1844
2495
779
227
1445
65
1087
2913
1228
2256
1918
1200
2568
2301
2700
1632
1485
2064
1020
1534
250
2086
976
1929
2757
2348
1870
621
1593
616
978
2119
2093
1815
2639
389
2141
1586
2259
1
1337
735
2584
651
1836
2179
1124
472
2039
1090
841
1791
2361
837
1220
2636
930
2030
407
228
173
1440
1311
114
254
271
1316
948
24
1643
2935
1759
821
1472
9
2551
98
1835
2021
809
1777
1028
184
684
1761
2136
2884
1778
2800
2193
1826
21
1030
2953
954
1958
1877
2674
2546
2184
1298
161
2371
761
952
2036
551
469
1129
2552
2931
1937
5
1889
2480
2414
275
1882
1787
1249
1502
526
588
1314
2038
1724
2951
1574
575
1116
34
633
2200
2268
2078
400
2162
1473
770
1832
1904
1390
2783
636
1312
1887
1122
1968
2518
1576
208
1159
153
2741
2956
1497
2339
2041
86
1206
2232
2117
2879
2280
1750
1619
615
2412
26
1655
507
55
2319
1419
933
1546
2313
1368
454
1373
1533
758
1542
2653
1507
1273
1891
687
2133
489
2395
239
585
2678
402
1114
43
2588
1470
350
853
1716
1611
2734
2206
1635
2486
1245
2964
1084
2320
858
1846
442
2672
827
1853
763
2208
1405
1188
1092
815
1822
1136
354
1085
2372
1482
1575
1760
1184
2731
2788
1396
77
152
1185
225
1898
649
2524
2396
2164
2327
2549
2626
2234
1214
1403
2263
1902
214
221
1879
1858
2416
2920
2539
505
1786
1358
676
1076
1074
2275
60
195
744
2705
1685
90
418
151
2778
2088
530
1541
265
2334
1110
1591
2260
413
737
1608
2528
2115
144
1127
2816
1663
1356
150
2460
1782
861
483
656
1370
848
2011
997
912
2020
2883
1041
1094
2840
880
2163
375
306
1804
1571
286
2029
709
1543
2706
2317
1296
829
2166
2290
2387
2718
2293
1530
204
1376
1625
1069
1560
29
631
993
1052
1620
2608
921
1785
2318
2299
1605
2220
1634
1147
738
2463
2388
2784
732
1420
2010
958
722
2212
1381
1999
2728
359
1475
1480
2050
1279
2972
1207
1469
1729
2475
2248
1489
2720
2999
1421
2896
833
1383
1222
1679
1081
996
890
1691
1393
2111
971
747
1515
1327
2433
1285
2145
629
1780
1992
1855
2680
1035
420
1338
1859
2770
524
1900
2604
714
1086
1667
532
1609
1837
1221
1294
2493
2886
1193
828
2562
2825
1672
647
654
1607
2573
729
2531
1602
2074
394
2394
1154
186
2315
533
2286
1001
2922
2616
177
2824
1333
822
2277
658
187
378
1612
579
2522
1814
2817
1479
2965
2764
2752
1040
121
2375
1229
2266
1642
2257
1765
274
2872
2782
1944
1650
2267
1418
1067
2974
2755
897
319
425
2822
1066
1301
1027
2969
2813
206
2192
816
1621
2648
1970
134
2942
178
2049
1251
1563
1410
1291
602
1120
706
1830
1167
1132
1985
1863
241
2156
1476
2214
1148
741
1597
2090
1059
2975
2721
80
1401
1812
1962
207
1282
2309
410
2850
1953
1079
1565
1331
1438
2150
2281
2052
408
358
865
650
1983
2057
606
1627
671
751
1449
1386
824
2407
130
2722
2391
1366
1466
902
1377
2461
1790
1453
2957
980
2622
2219
2921
2005
657
786
2188
1334
414
1545
2152
892
1015
1199
2926
945
2592
262
157
2251
2805
167
2449
1930
2516
1071
2836
2121
357
1838
115
2245
1600
835
2698
1736
2993
1531
101
1297
246
1569
1378
2113
2591
2766
2176
2006
894
2988
345
46
2776
1139
367
568
2015
1666
1354
2581
1448
107
2373
1636
2294
73
2858
1776
2998
2451
2843
1674
211
398
552
1162
639
1281
898
1280
2943
1239
279
1834
734
1072
476
2923
2848
1388
2779
364
1351
2097
245
2342
2533
775
766
2310
1506
2322
698
784
2710
2302
1422
2335
1843
1934
2992
618
2476
1043
1572
360
2526
156
210
347
278
1498
2165
1697
2467
2973
2751
444
1335
1990
2558
1659
1380
1149
2804
2224
1255
1352
33
1938
508
2411
196
1385
292
2183
2607
363
2374
289
2885
1248
1384
1137
342
1009
2525
2673
1950
1516
2743
2254
1550
1540
384
1023
940
2556
586
1177
1520
2146
2485
710
1238
1269
1912
371
2459
931
1431
1371
449
819
1977
2143
771
329
1394
548
2631
2081
172
2611
1123
2818
125
2055
2984
48
1949
1559
1957
2851
2509
1477
285
1302
2255
2034
2652
1783
1927
479
1694
282
632
1434
339
38
2168
1254
2369
2026
2911
617
146
1290
1875
1157
2123
138
665
2952
1135
1656
2511
1194
2336
2004
959
1258
927
223
2679
2723
2151
589
2458
466
2440
1952
1288
1158
41
492
117
1286
1695
2567
989
690
2625
1775
839
2934
1287
1742
2431
2343
288
1464
2308
192
176
396
2003
1044
844
2633
2976
1518
459
1558
1241
1874
527
2194
57
397
2561
1057
2045
2696
1490
2473
1878
1668
439
110
2368
1261
591
2908
1615
1809
879
432
2790
1901
2498
1537
885
2541
1945
2027
164
2295
2402
1411
1348
2610
1058
1993
197
1959
280
1638
2037
2107
2053
2109
670
39
1524
793
1332
1978
317
1443
2035
482
1971
2103
2056
792
1060
54
1517
1589
12
1105
1723
1849
1752
1573
2609
1253
1872
516
81
895
1511
2857
1886
1582
752
1599
990
2061
2032
1131
1981
2791
1841
2785
2865
991
2397
1519
327
2362
2316
148
2182
1140
159
1095
783
302
35
941
1007
2739
1947
2566
613
242
957
2948
97
1557
1781
213
571
2711
2169
924
535
349
1712
1876
1821
424
495
2351
1963
1839
553
395
2484
2289
1313
2635
1509
2112
2040
1347
2323
2242
155
1936
1328
1005
2129
2612
2243
1049
2235
2683
202
511
1669
2161
630
1494
749
810
180
2175
17
355
740
1209
163
168
2819
2887
691
92
2504
2174
1996
1526
2985
2001
555
2120
1820
1099
1465
1392
2350
2927
2868
2333
2938
849
1395
2328
869
281
372
1762
1705
2945
1432
1566
1683
1915
290
1186
518
1644
1871
2892
2250
1179
1544
2028
1755
2031
2287
634
434
1916
2855
179
2646
2688
361
2426
1556
660
2009
310
845
1732
2135
2042
1711
573
1360
708
2977
668
2793
753
1455
2912
2812
2662
2142
1551
435
2712
2241
69
914
1866
581
628
1578
2
1096
1892
503
911
2466
129
1906
1734
595
2844
68
300
2296
1908
2270
1833
2419
1687
2615
574
2364
2877
2236
1456
2874
1995
170
2444
2139
314
461
2196
2346
852
399
2222
448
1050
2866
2955
2889
594
2780
2909
910
572
1867
2345
1989
419
2799
2765
2585
2083
2545
674
1486
2637
539
988
1426
1267
15
1462
854
1773
644
2714
517
2329
2051
977
1803
2094
2494
1491
1689
2062
2826
76
1673
1111
2538
701
1664
2331
570
2571
1914
2439
2436
669
2060
108
1121
2941
780
785
2469
13
2104
667
467
797
1564
2207
2481
2747
1884
215
2227
320
2172
2429
1150
1725
1856
1176
470
1359
1201
1205
1924
2285
1686
1428
2226
2681
2246
673
1051
74
2435
2271
1677
893
2464
1994
1257
259
379
2499
569
141
2292
1083
2457
2853
2893
2506
2434
2814
2126
666
1306
963
1192
2276
2661
1500
859
1547
2311
499
2477
66
677
2363
133
584
2279
705
2087
640
1598
943
743
1864
2022
662
232
330
28
1579
1210
2987
2918
2933
509
560
481
1743
1917
1709
1372
1503
540
2559
909
1613
1246
840
2719
697
1151
174
2677
2803
1700
1954
1960
7
727
324
1002
982
2403
258
2944
2821
458
2961
2356
915
929
964
2619
2870
1329
381
1308
2862
23
2697
1758
71
1467
2864
2787
132
2058
99
2378
104
2982
2708
308
1639
1779
376
719
1764
417
2820
1596
1146
917
1045
936
1893
2185
2497
2195
2091
733
1913
1801
2916
426
702
1299
2580
762
2971
1590
373
2590
348
2695
1896
1842
325
1623
626
2847
1920
460
67
1807
2937
1816
759
935
2428
1868
1236
6
1955
142
1614
1024
1753
543
768
456
283
754
2809
2347
2075
1748
1508
182
1103
1409
1693
720
2046
1873
20
2422
2230
2134
2860
2724
18
1707
25
388
1278
1979
1496
2925
2548
383
2399
1881
1717
986
2400
1767
906
2507
2262
2300
2959
209
1309
965
1025
2445
778
471
2048
1852
2656
934
2842
2491
83
464
171
1318
56
2682
162
1362
2540
2468
513
2748
542
1488
1004
2278
2740
2519
1738
637
2490
233
2012
2167
2304
219
1293
102
305
900
427
556
1828
2124
1219
718
2258
1324
430
1746
32
782
678
973
230
2025
1346
1191
2016
878
438
2828
1932
2962
598
139
2101
1645
2553
1987
1212
2623
321
2098
1492
1851
2438
610
1788
968
950
512
1823
113
2390
2781
2492
557
2978
686
577
2888
1714
836
1528
1082
2353
244
2994
2521
1247
1202
1702
842
87
2727
903
1003
2878
1272
563
433
2890
268
2247
2597
2947
2547
2924
1676
2229
907
2073
344
2707
368
2482
91
942
2349
2043
2709
683
1671
1164
2979
1649
3000
1155
1610
1869
44
863
789
2148
256
2130
2715
2703
772
1966
1097
498
2983
2332
549
1011
2898
1757
2614
802
1078
1657
2689
2557
2044
2470
922
856
547
1549
185
2895
2170
2654
1178
386
599
2958
1682
1404
2810
236
2676
1208
562
1211
463
2069
2644
653
2420
2404
2663
1012
537
961
1153
1468
2903
124
1213
1143
1406
2544
2002
2019
2871
2650
825
2602
619
2834
1817
1457
296
82
1425
2462
2189
1553
1998
1230
975
338
967
1322
739
2114
1701
1890
247
1435
944
1244
198
2405
79
1307
2901
2503
1345
316
1268
411
2684
1461
2823
2401
1008
1264
1584
2340
2452
297
2598
2515
2092
2574
299
2508
949
2453
2213
2582
794
2125
64
2330
436
2079
1948
249
1749
1196
2807
767
1942
428
1741
487
1495
2838
1988
2379
392
222
365
587
2794
1224
1339
776
1771
901
2570
1854
580
2456
2564
2686
1042
2180
2641
2536
1270
2702
2108
88
860
675
1651
72
995
755
2621
1166
1216
1439
1109
1986
404
2054
2417
1277
353
2393
2155
1430
1412
61
45
326
2808
1899
2876
1364
2418
2274
2066
2991
2600
799
1525
1452
2990
600
1304
2217
2237
806
1017
2685
1847
611
2746
1197
998
716
2801
1031
2651
387
1026
95
2605
2253
2835
323
63
826
583
607
1361
1016
1142
1813
597
190
337
1606
2513
2849
1675
2357
415
1658
1138
154
406
862
422
1794
2659
1747
913
2018
22
1374
1726
2640
2500
191
50
1458
700
1617
1062
1845
2532
2446
284
999
2981
1802
423
2423
2950
2796
496
2736
2725
2198
1641
1353
1857
2216
1681
131
1402
1577
2995
315
1341
1275
2408
1091
645
1799
2392
1521
474
137
2137
803
1616
2599
403
1218
2744
1772
2221
2024
238
2442
818
1554
614
1022
1089
165
590
2154
478
2579
2867
746
1175
416
1653
730
1303
1512
1340
1088
2837
1768
984
1233
905
1170
123
2100
1018
2806
1363
1501
603
1053
307
1770
401
2218
2762
2642
2980
1161
1414
1407
1692
1926
1029
2450
1075
1769
1319
1680
462
119
116
2106
550
689
2875
322
1848
1810
2314
608
366
1646
1130
42
1266
1829
2761
1630
2297
1754
1660
1098
1688
994
923
27
273
523
846
1880
200
1885
1054
1102
269
1982
2386
1437
2811
2358
1766
1141
596
2670
2159
341
2249
1100
1529
1260
126
405
1907
2530
1808
51
1940
725
1585
2105
1956
2325
1234
2265
473
887
1441
2488
664
566
276
2792
346
2881
916
2763
765
1145
1252
2110
1478
605
2797
85
925
158
1039
2827
2905
2187
199
525
1243
807
2900
1413
2225
484
1484
2632
1183
2733
2618
2550
693
928
1367
830
2671
2767
620
105
2555
2132
787
1555
985
1108
2760
1429
393
655
1710
545
2478
2178
1048
1276
49
193
240
1006
2759
1125
1670
1357
2157
1235
128
1946
2337
1375
1226
2645
888
791
2841
2629
2970
712
2283
855
2338
2534
1447
2666
1690
2367
1965
972
446
2732
2569
723
1289
2613
576
2341
303
494
881
1379
578
1840
2713
695
2377
838
2273
1033
1805
817
89
987
2647
2664
1603
500
1416
939
2928
2775
2023
2968
864
1567
877
1355
1715
2465
37
1047
2907
1727
336
2563
2669
1588
2789
2406
804
2510
2829
59
2298
1195
2954
1997
2960
2586
2910
488
2160
1951
970
1336
255
1172
451
790
2080
1984
593
1321
2986
2845
135
672
1784
2854
1922
2102
216
1093
688
726
1423
497
1622
1444
2690
781
94
2355
1187
2852
